# blastp												
# Iteration: 3												
# Query: sp|Q9NPG2|NGB_HUMAN Neuroglobin OS=Homo sapiens OX=9606 GN=NGB PE=1 SV=1												
# RID: AEX8PJBV014												
# Database: nr												
"# Fields: query acc.ver, subject acc.ver, % identity, alignment length, mismatches, gap opens, q. start, q. end, s. start, s. end, evalue, bit score, % positives"												
# 273 hits found												
sp|Q9NPG2|NGB_HUMAN	2HHE_B	20.946	148	112	3	1	148	2	144	3.50E-60	185	41.89
sp|Q9NPG2|NGB_HUMAN	1Y85_B	20.946	148	112	3	1	148	3	145	4.60E-60	185	41.89
sp|Q9NPG2|NGB_HUMAN	5JDO_F	20.946	148	112	3	1	148	2	144	4.70E-60	185	41.89
sp|Q9NPG2|NGB_HUMAN	NP_000510.1	20.946	148	112	3	1	148	4	146	9.99E-60	184	41.89
sp|Q9NPG2|NGB_HUMAN	AAZ83699.1	20.946	148	112	3	1	148	4	146	1.09E-59	184	41.22
sp|Q9NPG2|NGB_HUMAN	AAZ39780.1	20.946	148	112	3	1	148	4	146	1.14E-59	183	41.89
sp|Q9NPG2|NGB_HUMAN	NP_000509.1	20.946	148	112	3	1	148	4	146	1.16E-59	183	41.89
sp|Q9NPG2|NGB_HUMAN	5SW7_B	20.946	148	112	3	1	148	3	145	1.18E-59	183	41.89
sp|Q9NPG2|NGB_HUMAN	1DXU_B	20.946	148	112	3	1	148	3	145	1.18E-59	183	41.89
sp|Q9NPG2|NGB_HUMAN	1HBS_B	20.946	148	112	3	1	148	3	145	1.24E-59	183	41.89
sp|Q9NPG2|NGB_HUMAN	1SHR_B	20.946	148	112	3	1	148	3	145	1.31E-59	183	41.89
sp|Q9NPG2|NGB_HUMAN	1Y2Z_B	20.946	148	112	3	1	148	3	145	1.43E-59	183	41.22
sp|Q9NPG2|NGB_HUMAN	1CMY_B	20.946	148	112	3	1	148	3	145	1.52E-59	183	41.89
sp|Q9NPG2|NGB_HUMAN	AAN11320.1	20.946	148	112	3	1	148	4	146	1.53E-59	183	41.89
sp|Q9NPG2|NGB_HUMAN	1K1K_B	20.946	148	112	3	1	148	3	145	1.57E-59	183	41.89
sp|Q9NPG2|NGB_HUMAN	1YE2_B	20.946	148	112	3	1	148	3	145	1.58E-59	183	41.89
sp|Q9NPG2|NGB_HUMAN	1COH_B	20.946	148	112	3	1	148	3	145	1.60E-59	183	41.89
sp|Q9NPG2|NGB_HUMAN	5E29_B	20.946	148	112	3	1	148	2	144	1.62E-59	183	41.89
sp|Q9NPG2|NGB_HUMAN	3KMF_C	20.946	148	112	3	1	148	3	145	1.67E-59	183	41.89
sp|Q9NPG2|NGB_HUMAN	6HBW_B	20.946	148	112	3	1	148	3	145	1.89E-59	183	41.89
sp|Q9NPG2|NGB_HUMAN	1YGF_B	20.946	148	112	3	1	148	3	145	2.10E-59	183	41.89
sp|Q9NPG2|NGB_HUMAN	ACU56984.1	20.946	148	112	3	1	148	4	146	2.45E-59	183	41.89
sp|Q9NPG2|NGB_HUMAN	4MQI_B	20.27	148	113	3	1	148	3	145	2.65E-59	183	41.89
sp|Q9NPG2|NGB_HUMAN	CAA23759.1	20.946	148	112	3	1	148	4	146	2.71E-59	183	41.89
sp|Q9NPG2|NGB_HUMAN	1DXV_B	20.946	148	112	3	1	148	3	145	2.71E-59	183	41.89
sp|Q9NPG2|NGB_HUMAN	2YRS_B	20.946	148	112	3	1	148	3	145	2.80E-59	183	41.89
sp|Q9NPG2|NGB_HUMAN	AAL72117.1	20.946	148	112	3	1	148	4	146	3.02E-59	183	41.89
sp|Q9NPG2|NGB_HUMAN	1YE0_B	21.622	148	111	3	1	148	3	145	3.60E-59	182	42.57
sp|Q9NPG2|NGB_HUMAN	1O1I_B	20.946	148	112	3	1	148	3	145	4.48E-59	182	41.22
sp|Q9NPG2|NGB_HUMAN	640488A	20.946	148	112	3	1	148	3	145	4.68E-59	182	41.22
sp|Q9NPG2|NGB_HUMAN	AAN84548.1	20.946	148	112	3	1	148	4	146	4.73E-59	182	41.89
sp|Q9NPG2|NGB_HUMAN	1O1O_B	20.27	148	113	3	1	148	3	145	4.84E-59	182	41.89
sp|Q9NPG2|NGB_HUMAN	1ABY_B	20.946	148	112	3	1	148	3	145	6.22E-59	182	42.57
sp|Q9NPG2|NGB_HUMAN	1Y5K_B	20.946	148	112	3	1	148	3	145	7.58E-59	181	41.89
sp|Q9NPG2|NGB_HUMAN	1HDB_B	20.27	148	113	3	1	148	3	145	8.27E-59	181	41.22
sp|Q9NPG2|NGB_HUMAN	1Y5F_B	20.946	148	112	3	1	148	3	145	8.93E-59	181	41.22
sp|Q9NPG2|NGB_HUMAN	AAD19696.1	20.27	148	113	3	1	148	4	146	9.95E-59	181	41.22
sp|Q9NPG2|NGB_HUMAN	1NQP_B	20.946	148	112	3	1	148	3	145	1.01E-58	181	41.89
sp|Q9NPG2|NGB_HUMAN	1Y7Z_B	20.946	148	112	3	1	148	3	145	1.15E-58	181	41.89
sp|Q9NPG2|NGB_HUMAN	1Y7D_B	20.946	148	112	3	1	148	3	145	1.15E-58	181	41.89
sp|Q9NPG2|NGB_HUMAN	1O1K_B	20.27	148	113	3	1	148	3	145	1.20E-58	181	41.22
sp|Q9NPG2|NGB_HUMAN	AAL68978.1	20.946	148	112	3	1	148	4	146	1.23E-58	181	41.89
sp|Q9NPG2|NGB_HUMAN	1A00_B	20.946	148	112	3	1	148	3	145	1.43E-58	181	41.89
sp|Q9NPG2|NGB_HUMAN	1Y4R_B	20.946	148	112	3	1	148	3	145	1.48E-58	181	41.89
sp|Q9NPG2|NGB_HUMAN	1Y7G_B	20.946	148	112	3	1	148	3	145	1.53E-58	181	41.89
sp|Q9NPG2|NGB_HUMAN	1YIH_B	20.946	148	112	3	1	148	3	145	1.58E-58	181	41.89
sp|Q9NPG2|NGB_HUMAN	AAF00489.1	20.27	148	113	3	1	148	4	146	1.59E-58	181	41.22
sp|Q9NPG2|NGB_HUMAN	1Y4V_B	20.946	148	112	3	1	148	3	145	1.74E-58	181	41.89
sp|Q9NPG2|NGB_HUMAN	1RQA_B	20.946	148	112	3	1	148	3	145	1.84E-58	180	42.57
sp|Q9NPG2|NGB_HUMAN	1Y83_B	21.088	147	111	3	1	147	3	144	2.05E-58	180	41.5
sp|Q9NPG2|NGB_HUMAN	3NL7_B	20.27	148	113	3	1	148	3	145	2.21E-58	180	41.22
sp|Q9NPG2|NGB_HUMAN	1Y4Q_B	20.946	148	112	3	1	148	3	145	2.42E-58	180	41.22
sp|Q9NPG2|NGB_HUMAN	1YEU_B	20.946	148	112	3	1	148	3	145	2.50E-58	180	41.89
sp|Q9NPG2|NGB_HUMAN	1QI8_B	20.27	148	113	3	1	148	3	145	2.55E-58	180	41.89
sp|Q9NPG2|NGB_HUMAN	1YE1_B	20.946	148	112	3	1	148	3	145	2.76E-58	180	41.89
sp|Q9NPG2|NGB_HUMAN	1HBA_B	20.946	148	112	3	1	148	3	145	3.04E-58	180	41.89
sp|Q9NPG2|NGB_HUMAN	5ME2_B	21.233	146	110	3	1	146	3	143	3.08E-58	180	41.78
sp|Q9NPG2|NGB_HUMAN	1GBV_B	20.946	148	112	3	1	148	3	145	3.21E-58	180	41.89
sp|Q9NPG2|NGB_HUMAN	5HU6_B	21.379	145	109	3	1	145	2	141	3.37E-58	180	42.07
sp|Q9NPG2|NGB_HUMAN	1A01_B	20.946	148	112	3	1	148	3	145	3.59E-58	180	41.89
sp|Q9NPG2|NGB_HUMAN	3QJC_B	20.27	148	113	3	1	148	3	145	3.70E-58	180	41.22
sp|Q9NPG2|NGB_HUMAN	1BUW_B	20.946	148	112	3	1	148	3	145	3.83E-58	180	41.89
sp|Q9NPG2|NGB_HUMAN	1YEN_B	20.27	148	113	3	1	148	3	145	4.22E-58	180	41.22
sp|Q9NPG2|NGB_HUMAN	NP_000175.1	22.297	148	110	3	1	148	4	146	6.91E-58	179	40.54
sp|Q9NPG2|NGB_HUMAN	1CH4_A	20.27	148	113	3	1	148	3	145	7.30E-58	179	39.86
sp|Q9NPG2|NGB_HUMAN	1O1P_B	20.946	148	112	3	1	148	3	145	9.50E-58	179	42.57
sp|Q9NPG2|NGB_HUMAN	1YG5_B	20.946	148	112	3	1	148	3	145	1.00E-57	179	41.89
sp|Q9NPG2|NGB_HUMAN	630483A	22.297	148	110	3	1	148	3	145	1.00E-57	179	40.54
sp|Q9NPG2|NGB_HUMAN	1FDH_G	22.297	148	110	3	1	148	4	146	1.04E-57	179	40.54
sp|Q9NPG2|NGB_HUMAN	AAB50159.1	22.297	148	110	3	1	148	9	151	1.07E-57	179	40.54
sp|Q9NPG2|NGB_HUMAN	4MQJ_B	22.297	148	110	3	1	148	3	145	1.29E-57	178	40.54
sp|Q9NPG2|NGB_HUMAN	4MQK_B	21.622	148	111	3	1	148	3	145	1.57E-57	178	40.54
sp|Q9NPG2|NGB_HUMAN	ACD39349.1	19.595	148	113	3	1	148	4	145	1.62E-57	178	41.22
sp|Q9NPG2|NGB_HUMAN	AAR96398.1	20.946	148	112	3	1	148	4	146	1.66E-57	178	41.22
sp|Q9NPG2|NGB_HUMAN	P69891.2	22.973	148	109	3	1	148	4	146	2.49E-57	178	41.22
sp|Q9NPG2|NGB_HUMAN	AAK29639.1	19.595	148	114	3	1	148	4	146	3.20E-57	177	40.54
sp|Q9NPG2|NGB_HUMAN	1I3D_A	22.973	148	109	3	1	148	3	145	3.27E-57	177	41.22
sp|Q9NPG2|NGB_HUMAN	1GBU_B	20.946	148	112	3	1	148	3	145	5.47E-57	177	41.89
sp|Q9NPG2|NGB_HUMAN	ADB93137.1	21.622	148	111	3	1	148	4	146	6.03E-57	177	39.86
sp|Q9NPG2|NGB_HUMAN	ADV36113.1	22.973	148	109	3	1	148	4	146	6.37E-57	176	41.22
sp|Q9NPG2|NGB_HUMAN	NP_000550.2	22.973	148	109	3	1	148	4	146	1.34E-56	176	40.54
sp|Q9NPG2|NGB_HUMAN	ADB93136.1	22.297	148	110	3	1	148	4	146	1.69E-56	176	40.54
sp|Q9NPG2|NGB_HUMAN	AAT98611.1	21.622	148	111	3	1	148	4	146	2.15E-56	175	39.86
sp|Q9NPG2|NGB_HUMAN	EAW81275.1	99.338	151	1	0	1	151	1	151	1.12E-55	174	99.34
sp|Q9NPG2|NGB_HUMAN	NP_067080.1	100	151	0	0	1	151	1	151	1.27E-55	173	100
sp|Q9NPG2|NGB_HUMAN	610523A	21.622	148	111	3	1	148	3	145	1.85E-55	173	39.86
sp|Q9NPG2|NGB_HUMAN	NP_005321.1	24.324	148	107	3	1	148	4	146	2.52E-55	173	41.22
sp|Q9NPG2|NGB_HUMAN	1A9W_E	24.324	148	107	3	1	148	3	145	3.42E-55	172	41.22
sp|Q9NPG2|NGB_HUMAN	CAA39189.1	22.727	132	97	3	5	136	1	127	8.26E-54	169	41.67
sp|Q9NPG2|NGB_HUMAN	AAF00488.1	21.538	130	99	2	19	148	1	127	2.21E-53	167	44.62
sp|Q9NPG2|NGB_HUMAN	AAA35597.1	19.048	147	114	3	2	148	5	146	2.75E-53	167	37.41
sp|Q9NPG2|NGB_HUMAN	AAA35952.1	20.769	130	98	3	1	130	4	128	3.47E-53	168	40
sp|Q9NPG2|NGB_HUMAN	SAI82135.1	20.27	148	109	2	1	148	38	176	4.59E-53	168	37.16
sp|Q9NPG2|NGB_HUMAN	1GLI_A	20.27	148	109	2	1	148	2	140	5.05E-53	166	37.16
sp|Q9NPG2|NGB_HUMAN	AAD19655.1	22.901	131	98	2	18	148	1	128	1.06E-52	165	42.75
sp|Q9NPG2|NGB_HUMAN	5SW7_A	20.667	150	110	2	1	150	2	142	1.15E-52	166	37.33
sp|Q9NPG2|NGB_HUMAN	AKZ66543.1	20.27	148	109	2	1	148	3	141	3.00E-52	165	37.16
sp|Q9NPG2|NGB_HUMAN	AAK37554.1	20.27	148	109	2	1	148	3	141	3.50E-52	165	37.16
sp|Q9NPG2|NGB_HUMAN	1OJ6_A	98.013	151	3	0	1	151	1	151	4.69E-52	165	98.01
sp|Q9NPG2|NGB_HUMAN	NP_000508.1	20.27	148	109	2	1	148	3	141	5.48E-52	164	37.16
sp|Q9NPG2|NGB_HUMAN	1BZZ_A	20.27	148	109	2	1	148	2	140	5.99E-52	164	37.16
sp|Q9NPG2|NGB_HUMAN	1BAB_A	20.27	148	109	2	1	148	4	142	7.59E-52	164	37.16
sp|Q9NPG2|NGB_HUMAN	1AJ9_A	20.27	148	109	2	1	148	2	140	8.31E-52	163	37.16
sp|Q9NPG2|NGB_HUMAN	1COH_A	20.27	148	109	2	1	148	2	140	8.59E-52	163	37.16
sp|Q9NPG2|NGB_HUMAN	AAN04486.1	19.595	148	110	2	1	148	3	141	9.67E-52	163	37.16
sp|Q9NPG2|NGB_HUMAN	1RVW_A	20.27	148	109	2	1	148	2	140	1.15E-51	163	37.16
sp|Q9NPG2|NGB_HUMAN	1Y0D_A	20.27	148	109	2	1	148	2	140	1.21E-51	163	37.16
sp|Q9NPG2|NGB_HUMAN	4MQC_A	19.595	148	110	2	1	148	2	140	1.27E-51	163	37.16
sp|Q9NPG2|NGB_HUMAN	3IA3_B	20.27	148	109	2	1	148	6	144	1.28E-51	163	37.16
sp|Q9NPG2|NGB_HUMAN	6BB5_A	20.27	148	109	2	1	148	1	139	1.41E-51	163	37.16
sp|Q9NPG2|NGB_HUMAN	3KMF_A	20.27	148	109	2	1	148	2	140	1.50E-51	163	37.16
sp|Q9NPG2|NGB_HUMAN	1XY0_A	20.27	148	109	2	1	148	2	140	1.81E-51	163	37.16
sp|Q9NPG2|NGB_HUMAN	1XZU_A	20.27	148	109	2	1	148	2	140	1.95E-51	163	37.16
sp|Q9NPG2|NGB_HUMAN	1O1O_A	19.595	148	110	2	1	148	2	140	2.35E-51	162	37.16
sp|Q9NPG2|NGB_HUMAN	ABF56145.1	20.27	148	109	2	1	148	3	141	3.44E-51	162	37.16
sp|Q9NPG2|NGB_HUMAN	1XZ7_A	20.27	148	109	2	1	148	2	140	4.15E-51	162	37.16
sp|Q9NPG2|NGB_HUMAN	1YDZ_A	20.27	148	109	2	1	148	2	140	4.38E-51	161	37.16
sp|Q9NPG2|NGB_HUMAN	1O1I_A	20.27	148	109	2	1	148	2	140	4.78E-51	161	37.16
sp|Q9NPG2|NGB_HUMAN	1XZ5_A	20.27	148	109	2	1	148	2	140	4.84E-51	161	36.49
sp|Q9NPG2|NGB_HUMAN	AAF72612.1	19.595	148	110	2	1	148	3	141	5.04E-51	161	37.16
sp|Q9NPG2|NGB_HUMAN	AFI57164.1	20.27	148	109	2	1	148	3	141	5.51E-51	161	36.49
sp|Q9NPG2|NGB_HUMAN	1R1X_A	20.27	148	109	2	1	148	2	140	6.22E-51	161	37.16
sp|Q9NPG2|NGB_HUMAN	3NMM_A	19.595	148	110	2	1	148	2	140	8.17E-51	161	36.49
sp|Q9NPG2|NGB_HUMAN	BAD97112.1	20.27	148	109	2	1	148	3	141	8.25E-51	161	37.16
sp|Q9NPG2|NGB_HUMAN	1C7D_A	20.667	150	110	2	1	150	2	142	8.71E-51	166	37.33
sp|Q9NPG2|NGB_HUMAN	1C7D_A	20.27	148	109	2	1	148	145	283	3.37E-50	164	37.16
sp|Q9NPG2|NGB_HUMAN	1XZV_A	20.27	148	109	2	1	148	2	140	9.02E-51	161	37.16
sp|Q9NPG2|NGB_HUMAN	1Y09_A	20.27	148	109	2	1	148	2	140	9.12E-51	161	37.16
sp|Q9NPG2|NGB_HUMAN	1ABY_A	20.667	150	110	2	1	150	2	142	9.66E-51	165	37.33
sp|Q9NPG2|NGB_HUMAN	1ABY_A	20.27	148	109	2	1	148	144	282	3.74E-50	164	37.16
sp|Q9NPG2|NGB_HUMAN	1QI8_A	19.595	148	110	2	1	148	2	140	1.04E-50	161	37.16
sp|Q9NPG2|NGB_HUMAN	1XYE_A	20.27	148	109	2	1	148	2	140	1.48E-50	160	37.16
sp|Q9NPG2|NGB_HUMAN	2W72_A	19.595	148	110	2	1	148	2	140	1.48E-50	160	37.16
sp|Q9NPG2|NGB_HUMAN	1A3O_A	20.27	148	109	2	1	148	2	140	1.61E-50	160	37.16
sp|Q9NPG2|NGB_HUMAN	3QJB_A	19.595	148	110	2	1	148	2	140	1.61E-50	160	36.49
sp|Q9NPG2|NGB_HUMAN	1Y0A_A	20.408	147	108	2	1	147	2	139	2.44E-50	160	36.73
sp|Q9NPG2|NGB_HUMAN	1O1N_A	20.667	150	110	2	1	150	2	142	2.98E-50	164	38
sp|Q9NPG2|NGB_HUMAN	1O1N_A	20.27	148	109	2	1	148	146	284	1.16E-49	163	37.84
sp|Q9NPG2|NGB_HUMAN	4MQH_A	19.728	147	109	2	1	147	2	139	4.51E-50	159	36.73
sp|Q9NPG2|NGB_HUMAN	1O1M_A	20.667	150	110	2	1	150	2	142	5.29E-50	163	37.33
sp|Q9NPG2|NGB_HUMAN	1O1M_A	20.27	148	109	2	1	148	146	284	2.09E-49	162	37.16
sp|Q9NPG2|NGB_HUMAN	1O1J_A	20.667	150	110	2	1	150	2	142	7.64E-50	163	37.33
sp|Q9NPG2|NGB_HUMAN	1O1J_A	20.27	148	109	2	1	148	144	282	3.02E-49	161	37.16
sp|Q9NPG2|NGB_HUMAN	5WOG_A	20.548	146	107	2	1	146	1	137	8.45E-50	158	36.99
sp|Q9NPG2|NGB_HUMAN	0508502A	22.973	148	103	4	1	148	3	139	1.22E-49	158	39.86
sp|Q9NPG2|NGB_HUMAN	1O1L_A	20	150	111	2	1	150	2	142	2.18E-49	162	37.33
sp|Q9NPG2|NGB_HUMAN	1O1L_A	19.595	148	110	2	1	148	144	282	8.63E-49	160	37.16
sp|Q9NPG2|NGB_HUMAN	NP_005323.1	20.946	148	108	2	1	148	3	141	5.43E-49	156	34.46
sp|Q9NPG2|NGB_HUMAN	1JEB_A	20.946	148	108	2	1	148	3	141	8.60E-49	156	34.46
sp|Q9NPG2|NGB_HUMAN	XP_005255344.1	20.946	148	108	2	1	148	15	153	1.36E-48	156	34.46
sp|Q9NPG2|NGB_HUMAN	ABD95908.1	20.27	148	109	2	1	148	3	141	3.97E-48	154	33.78
sp|Q9NPG2|NGB_HUMAN	AQN67653.1	16.667	186	115	2	1	148	3	186	8.74E-48	155	30.65
sp|Q9NPG2|NGB_HUMAN	AAA35953.1	20.8	125	94	3	1	125	4	123	1.47E-45	147	37.6
sp|Q9NPG2|NGB_HUMAN	NP_005322.1	21.622	148	107	2	1	148	3	141	1.28E-44	145	38.51
sp|Q9NPG2|NGB_HUMAN	1402311A	21.622	148	107	2	1	148	2	140	1.74E-44	145	38.51
sp|Q9NPG2|NGB_HUMAN	CAA23772.1	20.161	124	94	3	1	124	4	122	1.85E-44	144	37.1
sp|Q9NPG2|NGB_HUMAN	AAG46184.1	19.658	117	89	3	1	117	4	115	3.10E-44	143	40.17
sp|Q9NPG2|NGB_HUMAN	NP_001003938.1	21.622	148	107	2	1	148	2	140	4.26E-43	141	39.86
sp|Q9NPG2|NGB_HUMAN	EAW60065.1	17.568	148	119	2	1	148	15	159	1.68E-42	141	35.81
sp|Q9NPG2|NGB_HUMAN	BAG36764.1	17.568	148	119	2	1	148	3	147	2.39E-42	140	35.81
sp|Q9NPG2|NGB_HUMAN	XP_005257062.1	20.69	145	113	2	5	148	23	166	1.38E-41	139	41.38
sp|Q9NPG2|NGB_HUMAN	NP_005359.1	17.568	148	119	2	1	148	3	147	2.03E-41	138	35.81
sp|Q9NPG2|NGB_HUMAN	ACE80932.1	18.919	111	85	3	1	111	4	109	2.46E-41	137	39.64
sp|Q9NPG2|NGB_HUMAN	AAX84516.1	17.568	148	119	2	1	148	3	147	2.49E-41	137	35.81
sp|Q9NPG2|NGB_HUMAN	NP_599030.1	20.69	145	113	2	5	148	23	166	6.02E-41	138	41.38
sp|Q9NPG2|NGB_HUMAN	3AG0_A	20.69	145	113	2	5	148	25	168	6.04E-41	138	41.38
sp|Q9NPG2|NGB_HUMAN	711658B	17.568	148	119	2	1	148	2	146	6.18E-41	136	35.81
sp|Q9NPG2|NGB_HUMAN	AAA59595.1	17.568	148	119	2	1	148	3	147	1.02E-40	136	35.14
sp|Q9NPG2|NGB_HUMAN	1V5H_A	20.69	145	113	2	5	148	26	169	1.21E-40	137	41.38
sp|Q9NPG2|NGB_HUMAN	AAH29798.1	21.379	145	112	2	5	148	23	166	1.91E-40	136	41.38
sp|Q9NPG2|NGB_HUMAN	CAA23749.1	18.919	148	97	3	1	148	3	127	4.56E-40	133	35.14
sp|Q9NPG2|NGB_HUMAN	3RGK_A	17.568	148	119	2	1	148	2	146	1.08E-39	133	36.49
sp|Q9NPG2|NGB_HUMAN	EAW89405.1	20.69	145	113	2	5	148	143	286	2.03E-39	137	41.38
sp|Q9NPG2|NGB_HUMAN	1UT0_A	20.69	145	113	2	5	148	23	166	3.75E-39	133	41.38
sp|Q9NPG2|NGB_HUMAN	AAN16468.1	19.626	107	81	3	1	107	4	105	5.29E-39	130	39.25
sp|Q9NPG2|NGB_HUMAN	AAK20080.1	18.519	108	83	3	1	108	4	106	5.38E-39	130	37.96
sp|Q9NPG2|NGB_HUMAN	ACZ54505.1	18.692	107	82	3	1	107	4	105	9.76E-39	129	37.38
sp|Q9NPG2|NGB_HUMAN	ACF16762.1	18.692	107	82	3	1	107	4	105	1.06E-38	129	38.32
sp|Q9NPG2|NGB_HUMAN	AAQ63175.1	18.692	107	82	3	1	107	4	105	1.14E-38	129	38.32
sp|Q9NPG2|NGB_HUMAN	ADV59922.1	18.692	107	82	3	1	107	4	105	1.23E-38	129	38.32
sp|Q9NPG2|NGB_HUMAN	ABG47031.1	18.692	107	82	3	1	107	4	105	1.35E-38	129	38.32
sp|Q9NPG2|NGB_HUMAN	AAK15811.1	18.692	107	82	3	1	107	4	105	1.48E-38	129	38.32
sp|Q9NPG2|NGB_HUMAN	AAY51976.1	18.868	106	81	3	2	107	1	101	1.88E-38	128	37.74
sp|Q9NPG2|NGB_HUMAN	754931A	15.541	148	110	3	1	148	2	134	2.02E-38	129	31.08
sp|Q9NPG2|NGB_HUMAN	ACC69182.1	19.626	107	81	3	1	107	4	105	2.31E-38	128	38.32
sp|Q9NPG2|NGB_HUMAN	AAY15222.1	18.692	107	82	3	1	107	4	105	2.34E-38	128	38.32
sp|Q9NPG2|NGB_HUMAN	AAU08171.1	18.692	107	82	3	1	107	4	105	2.36E-38	128	37.38
sp|Q9NPG2|NGB_HUMAN	BAV25189.2	18.692	107	82	3	1	107	4	105	3.01E-38	128	38.32
sp|Q9NPG2|NGB_HUMAN	ABA19233.1	18.692	107	82	3	1	107	4	105	3.11E-38	128	38.32
sp|Q9NPG2|NGB_HUMAN	4B3W_A	20	145	114	2	5	148	23	166	3.79E-38	130	40.69
sp|Q9NPG2|NGB_HUMAN	AAZ16491.1	18.692	107	82	3	1	107	4	105	4.22E-38	128	37.38
sp|Q9NPG2|NGB_HUMAN	AAT36651.1	17.757	107	83	3	1	107	4	105	4.41E-38	128	37.38
sp|Q9NPG2|NGB_HUMAN	ACF16788.1	18.692	107	82	3	1	107	4	105	4.45E-38	128	38.32
sp|Q9NPG2|NGB_HUMAN	AAY46275.1	18.692	107	82	3	1	107	4	105	5.92E-38	127	38.32
sp|Q9NPG2|NGB_HUMAN	AAN11321.1	17.757	107	83	3	1	107	4	105	6.25E-38	127	38.32
sp|Q9NPG2|NGB_HUMAN	EAW85862.1	21.186	118	84	2	31	148	1	109	9.33E-38	127	37.29
sp|Q9NPG2|NGB_HUMAN	ABL84269.1	17.757	107	83	3	1	107	4	105	2.82E-37	125	37.38
sp|Q9NPG2|NGB_HUMAN	ACC69180.1	17.757	107	83	3	1	107	4	105	3.83E-37	125	37.38
sp|Q9NPG2|NGB_HUMAN	ACF16774.1	18.692	107	82	3	1	107	4	105	5.32E-37	125	37.38
sp|Q9NPG2|NGB_HUMAN	AAY84735.1	17.757	107	83	3	1	107	4	105	2.01E-36	123	37.38
sp|Q9NPG2|NGB_HUMAN	AAZ81986.1	18.447	103	79	3	5	107	3	100	2.36E-36	123	37.86
sp|Q9NPG2|NGB_HUMAN	ACK58626.1	19.626	107	81	3	1	107	4	105	2.62E-36	123	35.51
sp|Q9NPG2|NGB_HUMAN	AAA52635.1	18.447	103	79	3	1	103	4	101	1.35E-35	121	36.89
sp|Q9NPG2|NGB_HUMAN	AAA35955.1	19.417	103	78	3	1	103	4	101	1.13E-33	116	35.92
sp|Q9NPG2|NGB_HUMAN	AAY30253.1	18.692	107	78	2	1	107	3	100	1.72E-32	113	35.51
sp|Q9NPG2|NGB_HUMAN	AHA12104.1	18.692	107	78	2	1	107	3	100	3.21E-32	113	35.51
sp|Q9NPG2|NGB_HUMAN	ADM45275.1	18.692	107	78	2	1	107	3	100	5.18E-32	112	35.51
sp|Q9NPG2|NGB_HUMAN	BAG62343.1	16.129	124	101	2	25	148	9	129	1.11E-31	112	35.48
sp|Q9NPG2|NGB_HUMAN	AAK15770.1	18.692	107	78	2	1	107	3	100	1.65E-31	111	35.51
sp|Q9NPG2|NGB_HUMAN	ADV59921.1	18.692	107	78	2	1	107	3	100	2.84E-31	110	35.51
sp|Q9NPG2|NGB_HUMAN	ACF93730.1	18.182	88	69	2	1	88	4	88	8.11E-31	108	38.64
sp|Q9NPG2|NGB_HUMAN	742505A	15.493	142	98	3	7	148	1	120	1.13E-30	109	28.87
sp|Q9NPG2|NGB_HUMAN	AAF90195.1	23.913	92	68	1	57	148	1	90	2.14E-30	108	42.39
sp|Q9NPG2|NGB_HUMAN	AAO24131.1	22.826	92	69	1	57	148	1	90	2.57E-30	107	41.3
sp|Q9NPG2|NGB_HUMAN	AAO42516.1	22.472	89	67	1	60	148	1	87	4.45E-30	107	41.57
sp|Q9NPG2|NGB_HUMAN	AAT36649.1	24.176	91	67	1	58	148	1	89	1.14E-29	106	42.86
sp|Q9NPG2|NGB_HUMAN	AAO22464.1	22.472	89	67	1	60	148	1	87	5.52E-29	104	41.57
sp|Q9NPG2|NGB_HUMAN	AAA52632.1	24.419	86	63	1	63	148	1	84	3.06E-28	102	43.02
sp|Q9NPG2|NGB_HUMAN	AAD30656.1	20.548	73	55	2	1	73	4	73	1.64E-25	95.3	39.73
sp|Q9NPG2|NGB_HUMAN	XP_016879605.1	23.469	98	74	1	52	148	4	101	6.42E-25	95.3	45.92
sp|Q9NPG2|NGB_HUMAN	AAH18001.1	13.83	94	79	1	55	148	1	92	1.45E-22	88.4	34.04
sp|Q9NPG2|NGB_HUMAN	AAK50822.1	20	85	59	2	23	107	1	76	3.32E-22	86.8	35.29
sp|Q9NPG2|NGB_HUMAN	ADV90877.1	22.222	72	54	1	77	148	1	70	7.57E-22	85.7	40.28
sp|Q9NPG2|NGB_HUMAN	AAF08259.1	19.672	61	46	2	1	61	4	61	4.07E-19	78.4	37.7
sp|Q9NPG2|NGB_HUMAN	AAA53153.1	19.672	61	46	2	1	61	4	61	5.00E-19	78	37.7
sp|Q9NPG2|NGB_HUMAN	AAA53154.1	18.033	61	47	2	1	61	4	61	2.62E-18	76.4	34.43
sp|Q9NPG2|NGB_HUMAN	AAK30154.1	20.339	59	44	2	1	59	4	59	2.72E-18	76.1	37.29
sp|Q9NPG2|NGB_HUMAN	AAC97372.1	19.298	57	43	2	1	57	4	57	9.33E-17	72.2	35.09
sp|Q9NPG2|NGB_HUMAN	ADW79453.1	19.298	57	43	2	1	57	4	57	1.12E-16	71.8	35.09
sp|Q9NPG2|NGB_HUMAN	CAB58151.1	27.66	47	34	0	102	148	1	47	2.60E-16	70.7	48.94
sp|Q9NPG2|NGB_HUMAN	AAO22463.1	22.222	54	42	0	95	148	2	55	3.63E-16	70.7	38.89
sp|Q9NPG2|NGB_HUMAN	AGW82425.1	19.149	47	36	1	5	51	7	51	1.56E-13	63.7	34.04
sp|Q9NPG2|NGB_HUMAN	AAA52630.1	24.444	45	34	0	104	148	1	45	4.63E-13	62.6	42.22
sp|Q9NPG2|NGB_HUMAN	AAA99224.1	20.93	43	32	1	1	43	4	44	1.16E-12	61.8	32.56
sp|Q9NPG2|NGB_HUMAN	ABL67642.1	29.268	41	29	0	108	148	1	41	1.53E-12	61	51.22
sp|Q9NPG2|NGB_HUMAN	BAS21756.1	26.19	42	31	0	107	148	10	51	1.69E-12	61	50
sp|Q9NPG2|NGB_HUMAN	ACC78290.1	26.829	41	30	0	108	148	1	41	1.78E-12	61	51.22
sp|Q9NPG2|NGB_HUMAN	AAA58610.1	31.707	41	28	0	108	148	1	41	2.92E-12	60.3	53.66
sp|Q9NPG2|NGB_HUMAN	ACJ77099.1	31.707	41	28	0	108	148	1	41	4.63E-12	59.9	53.66
sp|Q9NPG2|NGB_HUMAN	AAA58609.1	31.707	41	28	0	108	148	1	41	5.44E-12	59.5	53.66
sp|Q9NPG2|NGB_HUMAN	AAQ24848.1	26.829	41	30	0	108	148	1	41	6.19E-12	59.5	51.22
sp|Q9NPG2|NGB_HUMAN	AAQ24847.1	26.829	41	30	0	108	148	1	41	1.38E-11	58.3	51.22
sp|Q9NPG2|NGB_HUMAN	AAT36650.1	26.829	41	30	0	108	148	1	41	1.77E-11	58.3	53.66
sp|Q9NPG2|NGB_HUMAN	ACC69181.1	24.39	41	31	0	108	148	1	41	3.33E-11	57.6	48.78
sp|Q9NPG2|NGB_HUMAN	AHA12103.1	24.39	41	31	0	108	148	1	41	1.15E-10	56	41.46
sp|Q9NPG2|NGB_HUMAN	AHA12102.1	24.39	41	31	0	108	148	1	41	1.77E-10	55.6	41.46
sp|Q9NPG2|NGB_HUMAN	CDI64131.1	22.807	57	43	1	1	57	3	58	2.57E-10	55.6	38.6
sp|Q9NPG2|NGB_HUMAN	ACZ67952.1	20	40	30	1	1	40	4	41	3.48E-10	54.9	30
sp|Q9NPG2|NGB_HUMAN	AAW66689.1	21.622	37	28	1	31	67	1	36	4.55E-10	54.5	45.95
sp|Q9NPG2|NGB_HUMAN	AAK28066.1	20.93	43	32	1	1	43	4	44	5.21E-10	54.9	30.23
sp|Q9NPG2|NGB_HUMAN	AAP44005.1	23.81	42	31	1	108	148	1	42	2.99E-09	52.6	40.48
sp|Q9NPG2|NGB_HUMAN	AAB60348.1	21.951	41	30	1	1	41	4	42	3.75E-09	52.2	31.71
sp|Q9NPG2|NGB_HUMAN	ACF16769.1	21.053	38	28	1	1	38	4	39	4.38E-09	51.8	31.58
sp|Q9NPG2|NGB_HUMAN	1701384A	25.714	35	26	0	114	148	1	35	6.84E-09	51.4	51.43
sp|Q9NPG2|NGB_HUMAN	ABY26552.1	19.149	47	32	2	1	43	4	48	1.40E-08	51.4	27.66
sp|Q9NPG2|NGB_HUMAN	AAA88057.1	22.222	36	26	1	1	36	4	37	7.65E-08	49.1	33.33
sp|Q9NPG2|NGB_HUMAN	CDI64137.1	28.205	39	28	0	1	39	3	41	1.34E-07	47.9	41.03
sp|Q9NPG2|NGB_HUMAN	CAI47563.1	33.333	27	18	0	108	134	1	27	2.42E-07	47.2	51.85
sp|Q9NPG2|NGB_HUMAN	AAA88069.1	22.222	36	26	1	1	36	4	37	3.63E-07	46.8	33.33
sp|Q9NPG2|NGB_HUMAN	AAA35954.1	19.512	41	31	1	63	103	1	39	1.25E-06	45.6	36.59
sp|Q9NPG2|NGB_HUMAN	AAU85261.1	13.889	36	29	1	72	107	1	34	9.12E-06	43.3	36.11
sp|Q9NPG2|NGB_HUMAN	CDI64134.1	28.125	32	23	0	1	32	3	34	2.31E-05	42.2	40.62
sp|Q9NPG2|NGB_HUMAN	AAA35957.1	32	25	17	0	124	148	1	25	7.07E-05	40.6	56
sp|Q9NPG2|NGB_HUMAN	AFR11469.1	21.875	32	23	1	1	32	4	33	1.45E-04	39.8	31.25
sp|Q9NPG2|NGB_HUMAN	CAA39190.1	33.333	24	16	0	125	148	1	24	2.22E-04	39.5	58.33
sp|Q9NPG2|NGB_HUMAN	BAU68217.1	22.581	31	22	1	1	31	4	32	3.23E-04	39.8	32.26
sp|Q9NPG2|NGB_HUMAN	AAP56246.1	13.793	29	25	0	1	29	3	31	3.36E-04	39.1	34.48
sp|Q9NPG2|NGB_HUMAN	AAB28341.1	20	25	20	0	99	123	1	25	5.47E-04	38.3	40
sp|Q9NPG2|NGB_HUMAN	AAG46182.1	20	30	22	1	1	30	4	31	8.10E-04	37.9	30
sp|Q9NPG2|NGB_HUMAN	CAA39188.1	37.5	24	15	0	125	148	1	24	8.45E-04	37.9	62.5
sp|Q9NPG2|NGB_HUMAN	AAA52633.1	28	25	18	0	124	148	1	25	0.001	37.5	56
sp|Q9NPG2|NGB_HUMAN	AAA16335.1	21.875	32	23	1	1	32	4	33	0.002	37.1	31.25
sp|Q9NPG2|NGB_HUMAN	AAG28779.1	20	30	22	1	1	30	4	31	0.004	36	30
