P	C	Master	A	G	I	L	V	M	F	W	P	C	S	T	Y	N	Q	H	K	R	D	E	
1	P	12-P	-5	-6	-6	-4	-3	0	-7	-8	9	-7	-5	-5	-7	-6	-5	-6	-5	-6	-6	-5	
2	P	13-S	-1	2	-7	-3	-6	-6	-7	-7	6	-6	0	-5	-6	-5	1	2	0	2	-5	-5	
3	G	14-P	-4	5	-6	0	-2	-5	0	-6	5	0	0	-3	-1	-5	-5	-6	-5	-6	-2	-2	
4	P	15-G	-2	2	-6	-1	-6	-5	1	1	7	-6	-2	-3	-5	-5	0	-6	-2	-6	-5	0	
5	P	16-D	-3	-2	-1	0	-1	-3	-2	-4	3	-4	-1	3	0	0	0	-3	1	1	0	-1	
6	P	17-N	0	1	-5	-1	-1	-5	0	2	6	-5	-1	-2	-5	2	-4	-5	-4	2	-5	-4	
7	L	18-G	-2	0	2	3	0	-3	1	6	-6	-5	-5	-5	0	-1	-5	4	-1	-1	-5	-5	
8	P	19-W	-5	-6	-6	-2	-6	-6	-1	8	7	-6	-1	-1	1	-6	-5	-6	-5	-6	-6	-1	
9	L	20-L	-3	-7	3	3	2	0	4	3	-7	2	-6	-5	1	-1	-6	-6	-6	-1	-7	-1	
10	F	21-N	-5	-7	3	2	3	3	5	1	-7	-6	-6	-5	0	1	-6	-6	-2	-2	-7	-6	
11	G	22-L	-4	7	-6	-1	-6	2	0	5	-6	-6	-4	-6	-5	-5	-1	-6	-6	-6	-6	-6	
12	N	23-Y	-2	-5	1	0	-5	-5	-5	-6	-1	2	1	-1	2	6	-4	5	-5	-5	-4	-1	
13	L	24-H	1	0	2	4	1	2	1	2	-6	-5	-3	-5	-2	-2	0	2	-3	-6	-6	-6	
14	L	25-F	-5	-2	1	4	1	-3	4	-5	2	-6	-6	-5	-4	-6	1	0	1	-5	-6	-6	
15	Q	26-W	-5	-1	-5	1	-2	0	1	7	-6	-6	-3	-5	-4	-2	6	0	0	-4	-2	1	
16	L	27-R	-1	-3	3	3	2	-3	2	-5	-6	-5	-2	-1	3	-6	-2	-5	-1	1	-6	-5	
17	G	28-E	1	3	-1	-3	-2	-5	-5	-6	0	-1	-1	-2	-1	0	-1	-1	-1	2	1	2	
18	R	29-T	-3	0	-3	0	0	1	0	-3	0	-3	1	2	0	-3	1	2	1	2	-1	-3	
19	K	31-T	-1	1	-3	-3	-3	-3	-1	5	-1	-3	1	0	-3	-1	2	3	2	2	1	0	
20	G	32-H	-1	2	-5	-3	-5	3	-6	-6	-2	-6	-4	-2	-5	2	1	2	1	0	3	2	
21	N	33-K	-3	0	2	-1	-3	4	-1	-6	1	-6	-2	-3	-5	3	2	3	1	-2	-4	1	
22	L	34-V	-5	-4	3	3	-1	4	3	-6	4	-6	-2	-5	-2	-1	0	-6	-5	0	-6	-6	
23	H	35-H	-1	0	-5	-1	-1	-5	3	3	-3	-6	-3	-3	3	0	1	8	0	-5	-2	-4	
24	S	36-L	-3	-3	-5	0	0	0	-2	-7	-5	-6	3	-4	-5	2	3	-5	2	0	1	2	
25	V	37-H	0	-4	1	0	2	-3	3	-3	-4	-4	-1	-3	3	2	-3	0	0	0	-1	-1	
26	F	38-H	-5	-7	1	2	1	5	5	-5	-1	2	-5	-1	2	-6	-1	2	-6	-6	-1	-6	
27	T	39-V	-1	-6	-1	-3	2	2	1	0	-6	-1	0	2	-2	2	0	2	-1	2	0	-1	
28	K	40-Q	-2	-6	-6	-2	-2	0	-5	3	-6	-1	-1	-5	3	0	3	0	4	0	1	2	
29	L	41-N	-1	-7	-1	4	1	1	3	-5	-7	4	-5	-2	3	2	-6	-5	-6	-2	-6	-6	
30	Q	42-F	1	-3	-6	-6	-6	0	3	-6	-6	-6	0	-5	0	0	4	5	1	3	-5	-1	
31	K	43-Q	-2	-2	-7	-6	-6	-5	-7	-7	-2	1	-4	-2	-6	0	4	-1	5	2	-1	2	
32	K	44-K	-5	-6	-6	-3	-4	0	1	-6	-5	1	-1	2	-1	-4	-3	-5	5	2	-4	3	
33	Y	45-Y	-5	-3	-5	-2	-5	-4	4	-2	1	-6	-5	-1	8	-5	-5	3	-5	-5	-6	-5	
34	G	46-G	-4	7	-7	-6	-6	-6	-1	-6	-5	-6	-2	-5	-1	-4	-2	-5	-5	-5	0	-2	
35	P	47-P	-1	-3	-7	-7	-6	-6	-7	-7	7	-7	0	-5	-6	1	-1	2	1	-5	1	1	
36	I	48-I	-5	-7	5	1	4	3	3	-6	-7	0	-6	0	-4	-7	-6	0	-6	-6	-7	-7	
37	F	49-Y	-5	-7	-4	1	2	2	6	6	0	0	-6	-5	5	-7	-6	-5	-6	-6	-7	-7	
38	R	50-R	-4	1	-6	-2	-5	2	-6	2	-6	0	2	4	-1	0	-2	-5	-1	5	-5	-5	
39	L	51-E	-5	-7	3	3	3	-1	2	6	-7	2	-3	-5	-1	-7	-6	0	-6	-6	-7	0	
40	Y	52-K	-2	-2	-3	-3	-2	-1	4	7	-6	-6	-3	-5	5	-5	0	3	3	2	-2	-5	
41	L	53-L	-3	-2	1	4	1	5	1	1	1	-6	-3	-5	-5	-6	1	-6	-3	-2	-1	-5	
42	G	54-G	-3	6	-6	-2	-4	3	-6	-6	-3	-6	-1	-5	0	-1	-2	-5	-5	-1	-5	-6	
43	P	55-N	-4	2	-6	-6	-6	2	0	2	4	-6	2	2	-1	0	0	3	-2	0	-5	-1	
44	K	56-V	-5	-6	-1	-3	-1	0	-5	-6	-6	0	-3	3	1	-4	2	4	3	4	-5	1	
45	P	57-E	0	-1	-5	-3	0	0	-5	-6	5	-6	-1	2	2	-1	-1	0	-3	0	0	1	
46	V	58-S	0	-6	1	0	3	5	1	-6	-6	-5	1	3	-1	-2	-2	0	-1	-2	-6	-5	
47	V	59-V	0	-7	2	0	6	2	0	-6	-6	-5	-5	-1	-5	-6	0	1	-6	-6	-2	-6	
48	V	60-Y	-3	-3	4	0	5	1	2	-6	-6	-5	-3	0	1	1	-6	-6	-6	-3	-2	-6	
49	L	61-V	-3	-7	5	4	4	3	-4	-6	-7	-5	-6	-5	0	-7	-6	-6	-6	-6	-2	-6	
50	S	62-I	-1	1	0	-1	-2	2	-2	-5	-6	2	2	1	3	1	-1	3	-5	-2	-5	-2	
51	G	63-D	-2	3	-6	-2	-6	-5	-6	-6	-5	-6	1	0	-5	3	-4	5	1	-1	3	-2	
52	P	64-P	1	-5	-5	0	-5	-5	-4	-4	6	-5	0	0	5	-5	-5	3	-2	-5	-5	-5	
53	E	65-E	-3	-5	-6	-2	-6	-5	-6	-6	0	-6	-1	-2	-6	-1	3	-4	2	-4	4	4	
54	A	66-D	3	-1	1	2	-2	3	0	-5	-6	-5	0	-3	2	-5	-5	2	-5	-6	2	-5	
55	V	67-V	3	-6	3	-1	5	2	0	-6	-2	-5	-2	-4	0	-6	-5	1	-6	-2	-7	-6	
56	K	68-A	-1	-6	-4	-6	-6	-5	0	-6	-5	-7	-1	-5	0	-4	1	4	6	2	-4	3	
57	E	69-L	0	-6	-2	-2	-1	-5	-1	-7	-2	-6	0	-2	-5	0	0	4	0	1	-4	5	
58	V	70-L	3	-6	2	1	6	-3	-1	-6	-6	-5	-5	-4	-5	-6	-6	-7	-6	-6	-1	-6	
59	L	71-F	-5	0	-3	6	-4	3	3	-5	-7	-6	-6	-5	1	-7	-2	0	-6	-6	-7	-6	
60	I	72-K	-5	0	4	0	3	-4	-2	-7	-6	2	-3	-5	-5	2	2	0	3	0	-5	-5	
61	K	73-S	2	-3	-6	-3	-3	-5	-2	-6	-5	-6	-2	1	-2	-1	1	5	3	2	3	-4	
62	K	74-E	-5	1	-6	0	-6	-5	-6	2	-2	-6	0	0	1	-1	2	2	3	0	2	2	
63	G	75-G	0	5	-6	-3	-6	-5	2	-6	-1	2	0	-1	-5	1	-5	0	0	-2	2	-4	
64	E	76-P	0	-1	2	-3	-1	0	-1	-3	-1	-4	-1	-3	2	-3	1	2	3	-3	0	3	
65	E	77-N	-1	-2	0	-1	-1	-2	0	-2	-2	-3	0	-2	2	1	-2	1	-1	-2	2	3	
66	F	78-P	-2	-5	0	-1	0	-3	7	-3	4	-4	1	0	-2	-4	-4	-4	-4	-5	-5	-4	
67	S	79-E	3	-2	-4	-4	2	-5	-1	-6	-5	-5	4	-3	0	0	-1	-5	2	-2	-5	-1	
68	G	80-R	0	4	-6	-6	-6	-6	3	-6	-1	-6	0	-2	-5	1	-4	-5	-2	3	2	-4	
69	R	81-F	-1	-5	-4	-2	-4	2	2	-4	-2	-5	-4	-1	2	0	-3	0	-1	6	1	-1	
70	P	82-L	-1	3	1	-2	-3	-1	0	3	4	-3	-2	0	1	-3	-3	1	-3	-3	0	-3	
71	D	83-I	-2	-1	2	-2	1	0	-5	-6	1	-6	-3	-3	0	1	-1	-1	1	2	3	-1	
72	E	84-P	-4	-5	-1	-1	-2	2	-1	-5	2	-6	0	-1	2	2	-2	-4	1	1	1	3	
73	P	85-P	3	-1	-4	-3	1	-4	2	-6	4	-5	0	-4	-4	0	-4	-1	0	0	-5	-4	
74	W	86-W	-2	0	0	1	1	0	1	7	0	-5	0	1	-4	-5	-1	3	-1	-2	0	-5	
75	F	87-V	-2	-1	0	2	2	-3	5	-5	-6	-5	-5	2	2	-1	-5	-5	0	-5	-6	-3	
76	A	88-A	2	-1	-6	-2	-5	-5	-2	-5	-1	-6	0	0	4	0	-4	1	0	0	3	2	
77	T	89-Y	-4	-2	1	-1	-4	-4	-4	-5	-2	-1	1	3	3	1	2	4	1	-1	-1	-4	
78	S	90-H	0	-1	-1	1	-2	-2	3	-2	-2	3	2	-2	-2	-2	-2	4	-2	2	-2	-1	
79	R	91-Q	0	0	1	0	-2	-2	0	-3	2	-3	1	0	-2	-2	1	1	-1	2	1	-1	
80	G	92-Y	0	1	-1	0	1	1	-1	-2	-2	-2	-1	-2	3	0	0	-2	1	-1	1	-1	
81	P	93-Y	1	0	-1	0	-1	2	1	-4	3	-4	-3	0	2	-2	-1	1	-2	1	0	-4	
82	F	94-Q	-5	0	-2	-5	-2	-5	4	7	2	-6	1	0	2	0	0	2	-5	-1	0	-5	
83	L	95-R	-5	-1	0	2	-5	1	-1	-6	-1	2	-5	-5	-5	2	1	0	3	2	0	-1	
84	G	96-P	-1	5	-1	-6	-2	-6	-7	-7	0	-6	-2	2	-6	1	-2	1	1	-1	-1	-3	
85	K	97-I	-2	0	-1	-2	-5	-5	-2	-5	-6	0	-2	0	4	-2	3	-1	3	3	-1	0	
86	G	98-G	-1	6	-1	-3	-6	-6	0	-6	-6	-6	-1	-5	-6	2	-5	2	-5	-6	2	-5	
87	I	99-V	-2	-7	5	3	4	2	-4	-6	0	-5	-3	-2	-5	-7	-6	-7	-6	-1	-7	-6	
88	V	100-L	2	-6	3	2	3	-3	4	-5	-6	-5	-1	-1	-4	-6	-6	-6	-6	-6	-1	-6	
89	F	101-L	-3	-6	-2	2	1	0	6	-5	-1	-6	-5	0	0	3	-5	0	-5	-1	-5	-2	
90	A	102-K	3	-2	-5	2	-2	1	-6	-7	-2	-5	3	0	-5	1	-4	3	0	-5	-1	-5	
91	N	103-K	0	-5	-6	-6	-2	-6	-6	-7	-2	1	1	0	-1	5	-4	-4	0	1	4	1	
92	G	104-S	-4	6	-6	-6	-1	-5	-5	-5	3	-6	0	-5	4	-4	-5	-1	-5	-1	-1	-5	
93	P	105-A	2	-3	-7	-7	-6	-6	-7	-7	5	-6	0	-4	-6	1	-1	1	1	-2	1	3	
94	R	106-A	-1	-6	-3	-2	0	1	-1	-7	-2	-6	-3	1	-5	-4	-1	4	3	4	1	0	
95	W	107-W	-4	-6	-6	-3	-6	-5	-3	12	-7	-6	-6	-1	-2	-7	-5	1	0	-6	-8	-6	
96	R	108-K	-5	-6	-6	-3	-6	1	0	-6	-6	-7	-2	-1	0	-4	1	2	5	6	-5	-1	
97	Q	109-K	-2	-6	-3	1	0	-4	1	-6	-5	-6	2	-2	-5	0	4	-5	2	1	-1	2	
98	L	110-D	-2	-6	2	2	0	3	-5	-6	-6	-6	-2	0	-1	0	3	6	-5	-2	0	-4	
99	R	111-R	-2	-6	-7	-6	-6	-5	-7	-7	-6	-7	-4	-5	-5	0	-3	1	0	8	-5	-4	
100	R	112-V	-3	-6	-5	-2	0	-5	-6	-7	0	-6	0	1	-6	-1	1	-1	4	5	-1	-4	
101	F	113-A	-1	-7	2	3	-2	4	6	-5	-7	-6	-5	0	-3	0	-5	-5	-2	2	-6	-6	
102	L	114-L	-1	-6	0	4	1	3	3	-5	-6	1	3	-2	0	-6	-5	-6	-6	-6	-6	-6	
103	T	115-N	-1	-6	1	1	1	3	-2	-6	-6	-5	0	4	-5	3	-5	1	-1	-5	-5	-5	
104	P	116-Q	1	-1	-2	-3	-2	3	-6	-7	5	-6	-1	1	-6	-1	2	-5	2	0	-5	-4	
105	T	117-E	3	-2	-2	-3	-2	-5	-6	-7	-1	-5	-1	5	-6	2	-4	0	-4	-2	-2	1	
106	F	118-V	-2	-3	0	4	1	4	7	-4	-7	-6	-6	-5	-3	-7	-6	-6	-6	-6	-7	-7	
107	T	119-M	-2	-2	-2	2	-5	2	1	-6	-6	-1	0	3	-4	-5	0	5	-4	4	-6	-5	
108	S	120-A	0	1	-5	0	-2	1	2	-5	0	-5	3	-1	2	2	-1	-1	-2	-5	1	-4	
109	F	121-P	-5	2	-5	-1	-5	-1	5	-5	4	-6	-1	-5	-1	1	-5	3	-1	-1	0	-5	
110	G	122-E	0	4	-1	-2	-2	-2	-2	-2	0	-2	0	-2	-2	-2	-1	-2	3	0	-2	1	
111	K	123-A	1	-1	3	-4	-1	-4	-5	-5	-4	-5	0	-3	-4	-2	-1	-4	5	-1	-1	-3	
112	L	124-T	-3	-5	-1	4	-1	2	-4	-5	-5	-5	-2	-2	-4	-4	2	1	1	2	-5	1	
113	S	125-K	1	-1	-2	-4	-4	-4	-1	-4	2	-4	2	0	-1	3	-1	-3	2	0	-3	0	
114	F	127-F	-5	-7	3	2	-1	5	5	3	-7	-6	-6	-2	5	-3	-6	-5	-6	-6	-7	-7	
115	E	128-L	-5	-6	0	-1	3	-1	0	-6	-6	-6	-4	0	-1	0	-3	-5	-1	1	-4	5	
116	P	129-P	1	-5	-3	-3	-6	-5	-6	-7	5	-6	0	-4	-1	1	-1	-5	3	-4	1	3	
117	R	130-L	-2	-1	3	1	2	2	1	5	-6	-6	-5	-1	0	-2	-5	-6	-3	3	-6	-6	
118	V	131-L	-2	-7	5	0	4	3	3	2	-7	2	-5	-1	-4	-7	-6	-6	-6	1	-7	-6	
119	E	132-D	-1	-6	-2	-2	0	-5	-6	-7	-1	3	-2	0	-6	3	3	-5	1	-1	2	2	
120	E	133-A	-1	-1	-2	-3	-2	0	-7	-7	-2	-7	0	-5	-6	-4	4	-4	1	0	0	5	
121	E	134-V	-1	-3	1	-5	3	1	-5	2	-6	1	2	-4	0	-5	0	-5	-2	-2	-4	4	
122	A	135-S	5	2	1	-5	0	3	-6	-7	-5	-5	1	1	-6	-1	-5	-6	-5	-5	-5	-5	
123	R	136-R	0	-1	0	-3	-3	-5	-7	-7	-6	-6	0	-4	-6	2	2	1	-1	4	3	2	
124	D	137-D	-2	-6	3	-3	0	1	0	0	-6	4	-1	-3	1	1	-1	-1	-1	0	4	1	
125	L	138-F	-2	-7	-3	5	0	5	4	-5	-7	-5	-6	-5	-3	-7	-6	2	-6	-6	-7	-7	
126	V	139-V	-5	-3	2	3	4	1	-4	-6	-6	5	-3	-5	0	-6	-1	1	-2	-6	-2	-6	
127	E	140-S	1	-5	-7	-6	-6	-2	-7	-7	-5	-7	-1	0	-6	-1	0	0	3	1	4	4	
128	K	141-V	1	-6	-1	-2	0	2	-2	2	-6	-6	-2	1	1	0	1	-5	3	2	-2	1	
129	L	142-L	-5	-7	4	5	0	4	2	6	-7	-5	-6	-5	-4	-7	-6	-6	-6	-1	-8	-7	
130	R	143-H	-1	-2	-7	-4	-6	-5	-6	-6	-6	-7	-4	-1	-1	-1	3	3	3	5	0	2	
131	K	144-R	0	-3	-6	-4	-3	-5	-7	-7	1	-7	-1	0	-6	-4	3	-5	5	1	1	3	
132	T	145-R	-3	-6	-5	0	0	0	-1	-6	-1	-6	0	2	-2	1	1	1	2	1	0	1	
133	A	146-I	2	-3	1	-3	2	-4	-1	-7	-1	2	0	1	-5	0	0	1	1	0	-1	-3	
134	G	147-K	0	4	-6	-1	-6	-5	-7	-7	-2	-6	1	0	-6	1	-1	-5	0	-2	3	1	
135	E	148-K	2	-3	-1	-5	-2	-1	2	-6	-5	-6	2	1	-5	-4	4	-5	0	-1	-4	3	
136	P	149-A	2	1	-6	-6	-3	-6	-7	-7	4	-6	3	-4	-6	4	0	0	0	-1	-1	-4	
137	G	150-G	1	2	-2	-2	-2	-2	-2	-2	0	-2	2	0	-2	-2	2	2	1	-2	0	0	
138	V	155-S	-2	1	-2	-1	2	-2	-2	-2	1	-2	1	1	0	0	-2	-2	-2	1	-2	1	
139	I	156-G	-4	-1	4	2	1	1	4	-4	-5	3	0	-2	-3	-1	-1	-5	-5	-2	-5	-5	
140	D	157-D	-5	-5	-6	-6	-1	-6	-6	-7	-5	-6	0	-2	-6	2	-3	-4	-1	-4	7	2	
141	I	158-I	-2	-3	5	1	2	5	-5	-7	4	-5	-5	-1	-6	-6	-5	-6	-5	-1	-2	-6	
142	T	159-S	1	-3	-4	0	1	-1	2	-6	-1	-5	2	3	1	-2	-1	0	2	0	-5	-5	
143	D	160-D	-1	-6	-3	-4	-1	-5	3	-6	1	0	-4	1	-4	2	3	-1	-1	0	3	2	
144	L	161-D	-5	-2	1	2	-1	1	3	7	-1	-6	-1	-5	0	-5	-5	2	-5	-2	2	-1	
145	L	162-L	-3	-7	3	4	3	3	3	-5	-7	-5	-6	-1	-4	-7	-6	-7	-6	-6	-7	-7	
146	F	163-F	0	1	-1	-2	-5	-5	4	-5	-6	-6	2	2	0	2	2	-5	-4	0	-3	-5	
147	R	164-R	-1	-6	-5	1	-3	-4	-1	-5	-6	4	-1	-5	3	-1	-4	4	3	3	-1	-1	
148	A	165-F	3	-2	0	-2	0	4	4	-5	-1	2	-2	-2	4	0	-5	-5	-5	-6	-6	-6	
149	A	166-A	3	-5	-4	-3	2	6	0	-6	2	-5	0	3	-5	-2	-5	-6	-5	-5	-6	-5	
150	L	167-F	-1	-6	1	2	-1	4	3	-5	-1	5	-1	2	2	-6	-5	-5	-5	-1	-7	-6	
151	N	168-E	-5	-5	-7	-7	-6	-6	0	-7	-6	-7	0	0	-6	6	-4	-4	-4	-5	5	2	
152	V	169-S	1	-6	3	-1	4	2	0	-6	-6	-5	1	2	-5	0	-1	-6	-5	-6	-6	-5	
153	I	170-I	-5	-7	7	0	3	1	-4	-7	-1	2	0	-4	-5	-6	-6	-7	-6	-7	-7	-7	
154	C	171-T	0	3	-1	-5	-5	2	2	-6	-6	7	0	1	0	1	-1	-5	-5	-6	-5	-2	
155	S	172-N	0	-3	-5	-2	-2	2	0	-6	-5	0	4	-1	1	1	-1	-5	2	1	0	-1	
156	I	173-V	-2	-7	5	2	4	-3	-5	-6	-6	6	-5	2	-5	-6	-6	-7	-6	-6	-1	-6	
157	L	174-I	2	-6	3	3	2	4	1	-6	-6	4	-1	1	-5	-6	-6	-6	-6	-6	-7	-6	
158	F	175-F	-6	-7	-3	1	0	2	9	-3	-7	-6	-6	-6	2	-7	-7	-5	-7	-7	-8	-7	
159	G	176-G	0	6	-7	-7	-6	-6	-7	-7	-6	-6	2	-1	-6	1	1	-5	-4	-3	-1	0	
160	E	177-E	1	-6	2	-2	2	2	1	-6	-6	1	0	-3	-5	0	-4	2	2	1	-2	2	
161	R	178-R	-4	-1	-6	-5	-5	-5	-6	-6	3	2	2	-4	-5	2	0	1	-3	6	-1	0	
162	F	179-Q	-4	0	1	1	0	2	6	-3	-4	3	-4	-4	3	-4	-1	-4	-4	-1	-5	-4	
163	G	180-G	-2	4	-5	-2	-5	-4	-1	-5	-4	0	0	-4	-4	2	-2	-4	-1	-2	4	1	
164	S	181-M	-1	-2	-1	1	1	4	-2	-2	-2	2	2	2	-2	-2	-2	-2	-2	-2	0	-2	
165	L	182-L	-1	-3	0	4	1	2	-3	-5	-6	-6	-5	-5	5	1	-1	-1	-5	-1	-6	-1	
166	E	183-E	-5	1	-6	-1	-3	-5	0	-7	-6	1	-3	-1	-6	1	2	-5	2	1	3	3	
167	D	184-E	-5	0	-7	-6	-6	2	-7	-7	-5	-7	-1	0	-6	1	1	0	0	-1	6	2	
168	P	185-V	-5	0	-6	-6	-2	-6	-7	-7	5	-7	0	-1	-1	1	0	0	1	2	1	3	
169	K	186-V	-1	-4	1	-1	0	3	-4	-5	-1	-5	0	-2	-2	1	1	0	2	1	1	2	
170	F	187-N	1	-5	-2	1	-2	-1	5	-5	1	-5	0	-4	-1	2	-4	-5	-4	-1	2	0	
171	L	188-P	-1	-4	0	2	-3	-3	-4	-4	3	2	2	0	1	0	-2	-4	1	-2	-4	1	
172	E	189-E	-1	0	-5	-5	-3	0	-6	-6	0	-5	2	2	-5	-2	0	-4	1	2	2	3	
173	L	190-A	0	-7	3	3	-3	2	5	-4	-7	-6	-1	-2	5	-6	-6	-5	-6	-1	-7	-6	
174	V	191-Q	-5	-7	2	2	3	2	-1	-6	-6	-6	-5	-2	-1	-5	3	-5	1	-2	1	0	
175	K	192-R	0	-4	-2	-2	-5	-5	-6	-7	-5	-6	-4	2	-2	2	2	0	4	1	2	1	
176	A	193-F	3	-6	-2	1	-1	4	4	3	-6	-6	-4	-5	1	0	0	-5	1	-5	-1	-5	
177	V	194-I	-5	-1	4	-1	4	3	2	-6	-6	-5	-2	0	-5	1	-5	-6	-1	-6	1	-6	
178	Q	195-D	0	-1	-6	-3	-3	-5	-6	3	-6	-7	-2	-5	0	2	3	3	2	1	2	2	
179	E	196-A	0	1	-1	-6	-2	2	-6	-6	-6	0	-2	-1	0	0	-2	4	1	0	1	3	
180	L	197-I	-5	-4	5	3	0	3	-4	-5	-6	-5	-1	-2	3	2	-5	-5	-3	-2	-6	-6	
181	S	198-Y	-3	-2	0	1	0	1	4	-4	-4	-4	2	-1	2	3	-4	0	0	-4	-4	-2	
182	S	199-Q	0	-4	-2	0	-4	0	-4	-4	-3	-4	2	1	-4	1	1	-1	1	1	2	2	
183	L	200-M	-2	-5	2	3	2	5	0	2	-5	-4	-4	-1	-1	0	-2	-4	-4	-4	-1	1	
184	L	201-F	0	-5	-1	3	2	3	4	-4	-5	-4	-2	0	-3	-1	-2	-5	-2	-2	-5	0	
185	S	202-H	0	1	1	-3	-3	0	-1	-3	-3	-3	3	-2	-3	0	1	3	1	-2	1	-2	
186	S	203-T	0	-2	-2	-5	-1	-4	3	-5	-1	-5	2	2	0	2	0	1	2	-2	-2	-4	
187	P	204-S	-2	-2	-3	-1	-3	0	3	-5	3	-5	1	1	0	-1	-1	1	-1	0	1	-1	
188	S	205-V	0	-5	-2	0	1	2	3	6	-5	-5	2	-2	-4	0	-2	-5	-4	3	0	-2	
189	P	206-P	0	0	-2	-1	0	-1	2	4	3	-1	-2	0	2	-3	1	5	-1	-2	-4	-3	
190	Q	207-M	0	-2	-4	0	-2	2	-4	-4	-1	1	-3	-3	-4	1	5	-3	-1	2	0	0	
191	L	208-L	0	-6	2	4	1	2	0	3	2	-5	-2	-2	2	-3	-1	-6	-2	-6	-6	-6	
192	L	209-N	-3	-1	-1	2	0	-4	3	4	0	2	-2	-5	4	1	-6	-5	-6	-6	2	-5	
193	D	210-L	-2	-6	0	3	-1	0	2	-6	-6	-6	-3	-5	-1	3	-2	-5	-1	-5	5	-1	
194	L	211-P	-2	-7	3	2	1	3	3	-5	3	-6	-4	-1	2	-2	0	1	-5	0	-6	-5	
195	F	212-P	-3	-4	0	0	-2	0	6	0	1	-6	-2	-5	2	-6	-2	0	2	-2	-6	-1	
196	P	213-D	-3	-6	-1	-6	-3	-1	0	2	7	-6	0	-5	-5	1	-5	-1	-2	0	-1	-2	
197	I	214-L	-1	-1	3	0	1	1	1	5	-4	-4	1	1	-4	-1	-1	-4	-4	-4	2	-4	
198	L	215-F	-1	-6	2	4	1	1	2	-5	-6	-5	-1	-1	0	-1	-5	-2	-2	-2	-2	-5	
199	K	216-R	-1	-5	1	2	-4	-3	2	2	-1	-5	-1	-2	-4	-4	0	-1	3	3	1	-3	
200	Y	217-L	-4	-1	1	-1	-2	0	4	5	3	-5	-2	-4	6	-4	-4	0	-2	-1	-5	-4	
201	F	218-F	-4	-5	1	3	0	2	5	2	-5	-1	-4	-2	-1	0	-4	-4	0	-5	1	-5	
202	P	219-R	-5	-1	0	3	-5	0	1	2	6	-6	0	-5	-5	-2	-5	-6	-5	-1	-1	-5	
203	G	220-T	-2	3	-1	-3	-2	-5	-6	-6	0	-5	1	4	-1	1	0	-5	-2	-1	-1	-1	
204	P	221-K	-2	-2	-4	-2	-6	-5	-6	4	4	-6	2	-1	-5	1	-4	1	3	1	-4	1	
205	H	222-T	-1	-6	3	2	-2	3	0	-6	-6	-6	-5	0	1	-1	1	6	-5	-5	1	-5	
206	G	223-W	-1	1	-3	1	-5	-1	3	6	-6	1	-2	-5	2	-1	-1	-1	0	2	-3	0	
207	R	224-K	-3	-2	-7	-6	-6	-1	-7	-7	-2	-7	-2	-2	-6	-4	2	0	5	5	-1	1	
208	K	225-D	-2	-1	1	1	0	1	-1	-6	-6	-6	-5	-1	-5	-5	-4	1	3	2	2	1	
209	L	226-H	0	-2	0	1	-1	3	4	2	-6	1	-1	-1	3	-5	-5	4	-1	-1	-6	-2	
210	K	227-V	-1	-3	-1	-3	1	0	0	-6	-3	-6	-3	-5	-2	2	1	3	4	1	-1	1	
211	R	228-A	0	-1	-5	-3	-5	-4	-5	-5	-4	-5	-1	-4	0	3	1	2	1	4	1	3	
212	A	229-A	5	-5	2	-2	2	2	-1	-6	-6	4	-2	-3	-5	-3	-2	1	-1	-5	-2	-5	
213	R	230-W	-2	-1	-3	0	1	1	0	6	-4	5	-2	-1	-3	-3	1	1	-1	3	-4	-1	
214	K	231-D	0	-2	-3	-5	-2	3	-6	-6	-5	-6	-1	-3	-5	1	3	-4	4	0	3	1	
215	K	232-V	0	-2	1	0	1	0	2	-6	-6	-1	-4	0	1	-5	-1	-5	2	0	1	1	
216	I	233-I	0	-3	4	2	1	-1	2	-5	1	-6	-5	-5	1	-6	1	-6	-5	2	-6	-5	
217	K	234-F	0	-6	2	-3	-1	1	3	-6	-6	-6	-1	-5	-4	-1	-4	5	3	-1	2	1	
218	D	235-S	-1	1	-7	-7	-7	-6	-7	-7	-5	-7	-1	-5	-6	2	4	-4	2	-4	5	3	
219	L	236-K	-3	-7	0	2	0	-1	4	-4	-6	-6	-1	1	5	-6	-2	3	-1	-5	-6	-2	
220	L	237-A	1	-6	4	3	-1	4	-1	-6	-6	-5	-4	3	0	-6	-5	2	-5	-1	-6	-6	
221	D	238-D	-1	-4	-3	0	1	1	-5	-6	-6	-6	-1	-2	0	2	2	-5	0	-1	4	1	
222	K	239-I	0	-2	-1	-5	-2	1	2	-6	2	-6	-2	-5	-5	0	0	3	3	1	-1	3	
223	L	240-Y	-1	-7	2	2	2	2	3	-5	-6	2	-3	-5	2	-6	-5	-5	2	0	-6	-1	
224	I	241-T	-2	-7	6	1	3	2	2	-6	-6	-5	-5	-1	-1	-1	-6	-6	-1	-6	-7	-6	
225	E	242-Q	-2	-6	0	-2	-1	-5	-6	1	-5	-7	-2	0	-5	0	3	-1	3	1	-4	5	
226	E	243-N	-3	-6	-2	-2	-4	0	1	-6	-5	-7	-1	-2	-5	1	3	-4	2	-1	1	5	
227	R	244-F	-5	-2	0	-5	1	0	0	-6	-6	1	-5	-5	-1	0	-2	6	2	5	-5	-2	
228	R	245-Y	-5	-6	-6	-3	-6	-5	-5	-6	-6	-7	-4	-5	3	-1	2	2	4	5	-1	2	
229	E	246-W	2	-2	-6	-6	-4	-1	-7	1	-5	-6	1	-3	-6	-4	3	0	2	2	1	4	
230	T	247-E	-1	-5	-1	-3	-2	0	-6	-7	-1	-6	2	4	-6	2	1	-5	2	-4	1	2	
231	L	248-L	-2	-7	2	5	0	0	2	2	-2	-6	-3	-5	-1	-1	-5	-6	-1	0	-6	-2	
232	D	249-R	-1	-2	-2	-3	-2	-5	-7	-7	-1	-1	3	-4	-6	1	3	-5	-1	2	4	0	
233	S	250-Q	-1	-3	-1	0	-2	2	-5	-6	3	-6	1	0	1	1	0	-5	0	0	2	0	
234	A	251-K	2	1	-6	-2	-2	-5	-7	-7	0	-6	0	1	-6	0	2	-1	0	2	2	1	
235	K	254-V	-1	-1	0	0	-1	-2	0	-2	-2	-2	-1	1	-2	1	2	1	2	-2	0	0	
236	K	255-H	-2	0	0	-2	-2	-2	0	-2	0	-2	1	-2	-2	1	-1	2	3	1	0	1	
237	S	256-H	-2	-1	1	-4	-4	-4	-5	2	0	1	2	0	-4	2	-1	2	2	2	0	0	
238	P	257-D	-5	-3	1	-1	-3	0	-6	-7	4	0	-4	0	-5	-2	0	4	1	3	2	-1	
239	R	258-Y	-5	-6	-1	1	1	4	-4	-5	-2	-6	-1	-1	3	1	-2	-4	1	5	-6	-5	
240	D	259-R	-1	-5	-7	-7	-6	1	-7	-8	0	-7	1	-1	-6	2	-4	-1	-4	-2	7	-3	
241	F	260-G	-1	2	-4	3	-4	-1	7	-4	-7	-6	-6	-6	-1	-2	-6	-6	-6	-6	-7	-7	
242	L	261-I	0	-7	5	4	0	2	-4	-6	-6	-5	-5	1	0	-2	-6	-6	-6	-6	-7	-6	
243	D	262-L	-1	-5	-5	0	-1	-5	-6	-7	-5	-6	0	-2	-6	1	3	-1	-4	-5	6	-3	
244	A	263-Y	2	-6	2	1	0	-4	2	-5	-6	3	-1	-2	2	-5	-1	1	-1	-1	0	-2	
245	L	264-R	-5	-7	-1	4	-2	2	4	-5	-6	0	0	-1	0	-6	-5	-6	-2	-2	-6	1	
246	L	265-L	-5	-8	3	5	0	5	-3	-5	-7	1	-6	-5	1	-7	-6	-6	-6	-2	-7	-7	
247	L	266-L	0	-3	2	3	-3	-4	1	-6	-6	-6	-1	-3	-5	0	2	-5	-1	-2	1	2	
248	A	267-G	3	1	-2	-2	-3	3	-1	-6	-5	-6	0	0	-5	1	-2	-5	3	-1	0	0	
249	K	268-D	-4	-5	-3	-3	-1	4	-5	-6	-5	-6	1	1	-5	-4	3	0	4	2	0	1	
250	E	--	-2	-1	-3	-1	0	3	-3	-3	-3	0	-2	1	-3	1	1	2	-1	1	2	3	
251	E	--	-2	-3	-1	-1	-3	-3	1	-3	-3	-3	1	-1	1	3	2	-2	2	-2	0	3	
252	E	--	2	0	-2	-1	-2	-2	-2	-2	0	-2	1	-2	-2	-2	-1	-2	1	-2	1	3	
253	D	--	-1	-1	-3	-2	-1	-2	-3	-3	2	-3	0	-2	-3	1	0	0	1	1	3	2	
254	G	--	-1	3	-1	-1	-3	-3	-3	-3	0	-3	-1	-1	-3	1	2	3	1	-2	-1	1	
255	S	269-S	-1	2	-2	-2	-1	-1	-5	-5	-4	-5	3	1	-5	-1	-3	-4	1	1	0	2	
256	K	270-K	-1	1	-5	-2	-3	-5	-6	-6	-2	-6	1	1	-2	-2	0	-1	4	-1	1	3	
257	L	271-M	-5	-7	-1	5	-1	5	5	-4	0	-6	-6	-5	1	-7	-6	-6	-6	-6	-7	-7	
258	T	272-S	-4	-2	-6	-3	-5	-5	-6	-7	-2	-5	4	5	-5	2	-4	2	-4	-5	1	-4	
259	D	273-F	-3	-6	1	0	-3	3	0	-6	-2	-6	-2	-5	-1	1	-2	0	-2	-1	6	0	
260	E	274-E	0	-1	-3	-1	-5	-1	-6	-7	-2	-7	-4	1	-6	0	0	0	0	0	3	5	
261	E	275-D	-3	-3	-7	-7	-3	-6	-7	-7	-5	-7	-3	-1	-5	5	-3	4	-4	-4	4	5	
262	L	276-I	-2	-7	6	4	2	0	-4	-6	-7	-5	-6	-1	-5	-7	-6	-7	-1	-6	-7	-7	
263	R	277-K	2	-6	-1	1	2	2	-6	-7	-6	-6	-2	1	-5	0	0	-5	3	3	-5	-4	
264	A	278-A	4	-2	0	-2	0	3	-5	-6	-5	-1	-4	1	-1	-1	2	2	-1	-3	-5	-1	
265	T	279-N	0	-6	-2	1	-1	-4	-1	-6	-5	3	0	4	-5	2	3	-5	-4	-5	-4	3	
266	V	280-V	0	-4	2	1	5	1	-5	-7	-6	2	0	2	-5	-6	-6	1	-6	-6	-6	-6	
267	L	281-T	-1	1	2	2	-3	3	2	-1	-2	-6	0	1	-5	-5	-5	-1	-5	-6	2	-2	
268	E	282-E	-5	-2	0	-1	1	-5	-6	-7	-6	-6	-2	3	-6	2	-4	-5	-4	-5	4	4	
269	L	283-M	-5	-7	2	4	1	5	6	-5	-7	-6	-6	-5	-3	-1	-1	-6	-6	-6	-7	-6	
270	F	284-L	-5	-7	1	3	-3	6	6	-4	-7	-6	-6	-1	2	-2	-6	-5	-6	-6	-7	-7	
271	F	285-A	1	3	2	-1	0	4	5	3	-6	-6	-2	0	-3	0	-6	-6	-6	-6	-6	-6	
272	A	286-G	6	3	-6	-6	-5	-5	-7	-7	-5	-5	-3	-4	-6	-5	-4	-5	-5	-5	-5	2	
273	G	287-G	0	7	-7	-7	-7	-6	-7	-7	-6	-6	1	-5	-7	-4	-5	-6	-5	-6	-5	-6	
274	T	288-V	-4	-6	0	-4	3	2	0	-6	0	-5	0	4	2	-5	1	5	-5	-5	-6	-5	
275	D	289-D	-2	-4	-6	-7	-1	-6	-7	-7	-5	-7	-4	-5	-6	-1	-3	1	-2	-5	6	5	
276	T	290-T	-4	-6	-5	-5	-4	-5	-6	-7	-2	-5	-2	8	-6	0	-5	-6	-5	-5	-5	-5	
277	T	291-T	-4	-5	-4	-3	-1	1	-6	-6	-5	-5	2	7	-6	-4	-5	-6	-5	-5	-5	-5	
278	S	292-S	3	-4	-1	-3	-5	-5	-6	-7	-5	-5	6	1	-6	-4	-4	-5	-4	-5	-5	-4	
279	S	293-M	-1	-5	-1	-4	-1	1	-2	2	-1	-5	4	4	-5	2	-4	2	-5	-5	-5	-5	
280	T	294-T	2	1	-4	-5	1	-5	-6	-7	0	-5	0	6	-6	-4	-5	-6	-5	-5	-5	-5	
281	L	295-L	-5	-7	4	5	0	3	-4	-6	-7	-5	-1	-1	-5	-7	-6	-7	-6	-6	-7	-7	
282	S	296-Q	0	-3	-5	-2	-2	0	1	-6	-5	3	3	1	-1	-2	0	-1	1	2	-5	2	
283	W	297-W	-2	-6	-2	-5	-6	2	4	11	-7	-6	-2	-6	5	-1	-6	-1	-6	-6	-7	-6	
284	A	298-H	3	2	3	-2	0	4	0	-6	-6	1	-1	1	-5	-5	-5	2	-5	-6	-6	-6	
285	L	299-L	-5	-8	2	6	-1	0	4	-5	-7	-5	-6	-5	-4	-7	-6	-7	-7	-6	-8	-7	
286	Y	300-Y	0	-1	-1	3	-4	-4	3	-3	-7	-6	-5	-1	7	-6	-6	2	-6	-6	-7	-6	
287	E	301-E	-1	-6	-1	2	-5	-4	3	3	-6	0	-3	-5	1	0	0	3	-4	0	-5	4	
288	L	302-M	-5	-8	1	6	-1	6	-4	-6	-7	1	-6	-5	-5	-7	-6	-7	-6	-6	-8	-7	
289	A	303-A	5	-3	2	1	-1	6	-4	-5	-6	-5	-2	-4	2	-6	-5	-5	-5	-6	-6	-6	
290	K	304-R	-5	-6	-6	-1	-6	-5	-6	-7	-5	-7	-2	2	-5	0	1	4	4	4	1	1	
291	H	305-N	-5	-5	-7	-7	-6	-6	-4	-5	-6	-7	-2	-1	5	5	-4	8	-4	-1	2	-4	
292	P	306-L	-5	-6	-6	-2	-6	-6	-7	-8	9	-7	-5	-5	-7	-6	0	-6	-1	-6	-5	-5	
293	E	307-K	-5	-2	-7	-7	-6	-6	-7	-7	-5	-7	0	1	-6	0	1	2	-1	-1	4	5	
294	V	308-V	0	-7	4	1	5	-3	-4	-6	-6	-5	-5	0	0	-6	-6	2	-6	-6	-7	-6	
295	Q	309-Q	-3	-6	-1	-2	-5	3	-1	-6	-5	-7	-4	0	0	-4	8	-4	0	-3	-4	1	
296	E	310-D	2	-5	-7	-6	-6	-5	-7	-7	-5	-1	0	-3	-6	-1	3	0	3	1	2	4	
297	K	311-M	1	-5	-6	-6	-6	1	-7	-7	-5	-7	-4	-5	-6	-4	1	-4	6	5	-5	1	
298	L	312-L	-1	-7	2	5	3	2	-4	-6	-7	5	-6	-5	-5	-7	-6	-7	-6	-6	-7	-7	
299	R	313-R	-5	-6	-2	-3	-6	0	-1	-5	-6	-7	-5	-1	4	-4	5	5	-1	5	-5	-4	
300	E	314-A	0	-6	-7	-7	-6	-5	-7	-7	-5	-7	-4	-2	-6	1	4	1	2	-1	-2	6	
301	E	315-E	-2	-6	-7	-7	-6	-6	-7	-7	-5	-8	-4	-5	-6	0	-2	-4	-3	-4	-1	8	
302	I	316-V	-4	-6	6	2	4	2	-4	-6	-6	-5	-1	-4	-5	-6	-1	-6	-5	-6	-6	-6	
303	D	317-L	-3	-3	-5	0	-2	1	-6	-6	-5	-6	-2	-3	-5	0	2	0	1	0	6	1	
304	E	318-A	-1	-2	-5	-4	-1	-4	-6	-6	-5	-5	0	3	-5	-1	4	1	-1	3	-4	3	
305	V	319-A	2	-5	3	-1	5	-3	-4	-6	-5	-4	-4	0	-2	-3	-5	1	-1	-5	-6	-5	
306	I	320-R	-5	-6	5	3	4	1	1	-5	-6	-5	-5	-4	-4	-6	-5	-6	-5	0	-6	-1	
307	G	321-H	0	6	-6	-6	-6	-5	-6	-6	2	-6	-4	-5	-6	1	1	0	-2	1	-2	0	
308	D	322-Q	-1	1	-6	-4	-6	-5	0	-6	-1	-6	0	-4	-5	1	3	1	-1	3	4	0	
309	K	323-A	0	0	0	-4	1	-4	-1	-5	-4	-5	-1	-2	-4	2	1	4	2	2	1	-3	
310	R	324-Q	-1	-2	-4	-4	-4	-4	-5	-4	-4	-4	0	-2	-4	-3	3	-3	2	5	1	0	
311	S	325-G	-2	0	-1	-1	0	-4	-1	-4	2	3	2	1	-4	1	0	0	-3	1	-1	2	
312	P	326-D	-3	-6	4	0	1	-4	2	-6	6	-5	-5	-2	-5	0	-5	-5	-5	-6	0	-5	
313	T	327-M	-2	-5	0	-5	-4	2	-6	-6	0	4	2	4	-5	-4	2	-1	-2	-1	0	1	
314	Y	328-A	-3	-6	1	0	-3	5	1	6	-6	-5	-1	-4	5	-5	2	3	-4	-5	-2	1	
315	D	329-T	1	-3	-6	-4	-5	-5	-6	-6	-1	-6	1	-1	-5	0	2	-4	2	0	4	2	
316	D	330-M	0	-5	-5	-1	-5	4	-6	-6	-5	1	-2	-1	-5	-3	0	1	-4	-5	7	0	
317	L	331-L	-5	-6	3	4	1	2	-1	-5	-6	-5	-2	-4	-4	-5	0	-1	-2	4	-6	-5	
318	Q	332-Q	2	-1	-3	-5	-2	3	-6	-6	1	-5	1	0	-5	2	4	-4	1	-4	-1	1	
319	N	333-L	-2	-5	-5	-1	-5	2	-6	-6	-5	-6	-1	-4	-5	3	3	4	2	1	2	2	
320	M	334-V	-5	-7	2	4	0	9	-4	-6	-7	-5	-6	-5	-5	-7	-5	-6	-6	-1	-7	-6	
321	P	335-P	-5	-6	-6	-3	-3	-6	-7	-7	8	-7	-4	0	-6	-5	-4	0	0	-5	-5	1	
322	Y	336-L	-6	-7	-1	3	0	-1	2	-3	-7	-6	-6	-5	8	-7	-6	-3	-6	-6	-7	-6	
323	L	337-L	-2	-7	-3	5	1	2	-4	-6	-6	-5	-5	4	-5	-6	-6	-6	-6	-6	-7	-6	
324	D	338-K	-5	-5	-7	-7	-4	-6	-7	-7	0	-7	-2	1	-6	3	3	-4	1	1	4	3	
325	A	339-A	5	-2	-5	-3	-4	5	-6	2	-5	-5	-1	-4	-5	0	2	-5	0	-2	-5	-4	
326	V	340-S	1	-6	1	-4	6	0	1	-6	-6	5	-1	2	-5	-6	-6	-6	-6	-6	-7	-6	
327	I	341-I	-5	-8	7	2	3	-1	-1	-6	-7	1	-6	-5	-5	-7	-7	-7	-7	-7	-7	-7	
328	K	342-K	-5	-6	-7	-7	-7	-5	-6	2	-5	-7	-1	-5	-1	2	-3	6	6	1	-1	-1	
329	E	343-E	-5	-6	-7	-7	-6	-6	-7	-7	-5	-8	-4	-5	-6	-4	-2	-4	-3	-4	-2	8	
330	T	344-T	1	-3	2	-1	2	1	-5	-7	-5	-5	3	5	-5	-5	-5	-6	-5	-5	-5	-5	
331	L	345-L	-5	-7	-3	6	-3	4	1	-5	-7	-6	-6	-5	-5	-6	4	-6	-5	-5	-7	-5	
332	R	346-R	-5	-6	-7	-6	-7	-5	-7	-7	-6	-8	-5	-5	-6	-4	-3	-4	-2	9	-6	-4	
333	L	347-L	-5	-7	2	5	-3	2	3	-4	-7	-6	-6	-5	4	-7	-5	-5	2	-5	-7	-6	
334	H	348-H	-1	-4	1	-5	-3	-5	-1	-4	-6	-6	0	-3	6	-4	0	7	-4	3	-6	-5	
335	P	349-P	-5	-6	-6	-6	-6	0	0	-7	7	-7	1	0	-6	0	-5	1	-5	-6	3	-4	
336	V	350-I	0	-2	3	1	4	-4	0	-6	4	-5	0	-1	-5	-6	-6	1	-6	-6	-6	-6	
337	V	351-S	2	0	2	0	5	-4	-5	-7	-6	-5	2	1	-5	-5	-5	-6	-5	-6	-6	-6	
338	P	352-V	-2	0	-2	-2	1	-5	-6	-7	7	-6	-1	-2	1	-2	-5	1	-5	-6	1	-5	
339	L	--	-2	-1	0	2	-2	4	1	-2	-2	-2	0	2	-2	2	-2	-2	-2	-2	-2	-2	
340	L	353-T	-1	2	-4	3	-3	-4	2	-6	-3	-6	1	0	-5	2	1	0	-4	2	-5	-5	
341	L	354-L	-5	-7	4	4	3	-3	-4	-6	-6	-5	-5	0	-5	-2	0	-6	-5	-1	-6	-3	
342	P	355-Q	-1	-1	-5	-3	-3	2	-1	-5	6	-5	0	2	-1	-4	0	-5	-4	-5	0	1	
343	R	356-R	-5	-6	-7	-6	-7	-5	-6	-7	-6	-7	-5	-5	-4	-4	-3	8	0	7	-5	-4	
344	E	357-Y	0	-6	0	-5	2	1	-2	-6	-6	2	-2	-1	2	0	0	-5	3	1	-5	3	
345	V	358-L	2	-6	2	1	4	-4	-5	-7	-2	4	-1	2	-6	-1	-5	-6	-6	-6	-1	-6	
346	T	359-V	-4	-6	1	1	-1	1	0	-6	1	-5	2	3	-5	-1	-2	-5	2	-5	-5	-1	
347	K	360-N	-1	-5	-2	-6	-3	-5	-7	-7	-5	3	1	1	-6	1	4	1	3	1	-1	2	
348	D	361-D	-3	-2	-7	-3	-7	-6	-7	-8	2	-7	-3	-5	-7	-1	-4	-5	-5	-6	7	0	
349	T	362-L	-1	-6	3	1	3	1	-4	-6	-6	2	-1	3	2	0	-5	1	-5	-6	0	-5	
350	V	363-V	-3	-6	-2	-1	4	-1	-6	-7	-5	-6	0	2	-5	-5	-4	2	3	-4	-2	3	
351	I	364-L	-5	-8	5	3	2	-3	5	-5	-7	-5	-6	-5	-3	-7	-6	-6	-6	-7	-7	-2	
352	P	365-R	-3	2	-6	-2	-3	0	-7	-7	4	-7	-2	-5	-6	1	3	-5	-4	3	3	-1	
353	G	366-D	-4	6	-8	-8	-7	-7	-7	-7	-6	-7	-3	-5	-7	3	-5	0	-3	-6	4	-1	
354	Y	367-Y	-6	-7	-2	-2	0	-4	4	-3	-7	-6	-5	-3	8	-6	-1	1	-2	1	-7	-6	
355	L	368-M	-2	-6	-4	2	2	0	3	-6	0	-6	0	2	0	0	-5	4	-1	-5	2	-5	
356	I	369-I	-5	-8	7	2	3	0	2	-6	-7	-5	-6	-5	-4	-7	-7	-7	-7	-7	-7	-7	
357	P	370-P	-5	-6	-7	-7	-6	-6	-7	-7	8	-7	-5	-5	0	-5	-4	-5	2	0	-1	-2	
358	K	371-A	3	-5	-6	-6	-5	0	-7	-7	-1	0	-4	-2	-6	-4	-3	-5	7	-2	-5	-1	
359	G	372-K	-4	7	-8	-8	-7	-7	-7	-7	-6	-7	-4	-5	-7	1	-5	-6	-1	-6	2	-2	
360	T	373-T	0	-5	1	-5	-2	-5	-6	-6	-5	0	0	7	0	-4	-1	-5	-5	-5	2	-4	
361	L	374-L	-2	-6	1	1	1	1	-5	-7	-6	-6	-3	1	-5	3	2	2	-1	1	1	0	
362	V	375-V	-4	-7	4	0	6	0	-1	-6	-7	2	-6	-4	-5	-7	-6	-7	-6	-7	-7	-7	
363	I	376-Q	-2	-1	4	2	1	2	1	-6	-6	-5	0	-1	-2	-2	1	-6	-2	-5	-6	-1	
364	V	377-V	-1	-7	4	2	4	2	1	-6	2	-5	-5	1	-5	-7	-6	-7	-6	-6	-7	-6	
365	N	378-A	-1	-3	-2	0	-5	-1	0	3	2	2	2	-2	2	5	-2	0	-5	-5	-4	-5	
366	L	379-I	0	-2	4	4	0	2	-4	-6	2	-5	-1	-1	-5	-6	-6	0	-6	-6	-7	-6	
367	Y	380-Y	-5	1	-6	-2	-6	-5	0	8	-2	0	1	0	6	-3	0	0	-5	-6	-3	-5	
368	A	381-A	4	2	-5	-2	-2	-5	-5	2	-3	-5	3	0	1	-5	-5	0	-5	0	-5	-5	
369	L	382-L	-2	-7	4	3	3	6	-4	-6	-7	2	-6	0	-1	-7	-6	-6	-6	-6	-7	-7	
370	H	383-G	-2	2	-5	1	-6	0	-5	-6	-6	-6	0	-5	0	0	-1	9	-5	-5	-5	-5	
371	R	384-R	-5	-6	-6	0	-6	1	-5	-6	-6	-7	-5	-3	2	1	-2	7	1	6	-2	-4	
372	D	385-E	-3	-4	-6	-6	-6	-6	-6	-7	-5	-6	-1	-4	-6	5	-4	-4	-4	0	7	-1	
373	P	386-P	-5	-6	-6	-2	-6	-6	-7	-7	7	-1	-2	-5	-6	-2	0	-5	1	-3	1	3	
374	E	387-T	1	-5	-6	-6	-6	-5	-7	-7	-5	-6	0	2	-6	1	1	-5	4	-4	2	4	
375	V	388-F	-2	-7	2	0	3	2	2	-5	-6	1	-5	-5	4	-6	1	1	-5	-5	-5	3	
376	F	389-F	-6	-7	-5	-4	-6	-5	7	10	-8	-6	-6	-6	4	-7	-6	-5	-7	-7	-8	-7	
377	P	390-F	-2	-6	-6	-4	-6	-6	-2	-7	7	-1	1	-2	-6	-1	-2	-1	-1	-5	1	1	
378	N	391-D	-5	-5	-7	-7	-7	-6	-7	-7	-6	-7	-1	-3	-6	6	0	2	2	1	4	2	
379	P	392-P	1	-6	-7	-7	-6	-6	-8	-8	9	-7	-4	-5	-7	-6	-5	-6	-5	-6	-5	-5	
380	E	393-E	-5	-6	-6	-1	-6	0	1	-6	-5	-7	-2	-5	-5	1	-1	2	-1	-4	3	6	
381	E	394-N	-2	-6	-5	-4	2	1	-6	-7	-5	-6	2	0	-6	-2	2	-5	3	2	-1	3	
382	F	395-F	-6	-7	-4	-3	-1	-4	9	-3	-8	-6	-6	-6	4	-7	-7	-5	-7	-7	-8	-7	
383	D	396-D	-5	-6	-2	-3	-2	3	-6	-7	-6	-7	-2	-2	-2	3	-1	3	1	2	6	-3	
384	P	397-P	-5	-6	1	-2	-5	-5	-6	-7	8	-7	-3	-5	0	-6	-5	-6	-5	-6	-6	-5	
385	E	398-T	-5	1	-7	-4	-6	-6	-1	-7	-5	-7	0	-1	-5	-4	2	4	-4	-4	2	6	
386	R	399-R	-5	-6	-7	-6	-7	-5	-6	-7	-6	-7	-5	-5	-5	2	-3	6	-2	8	-5	-4	
387	F	400-W	-6	-7	-5	-4	-5	-4	8	9	-1	-6	-6	-6	2	-7	-7	-5	-7	-7	-8	-7	
388	L	401-L	-3	-6	-3	5	-4	-3	-4	-6	-6	-5	1	-1	-1	1	-5	-6	-5	-6	1	-1	
389	D	402-S	-5	-2	-6	-4	-3	-6	-7	-7	4	-7	1	-2	-6	2	-4	-5	2	0	5	1	
390	E	403-K	1	-1	-6	-6	-3	-6	-7	-7	0	-6	-2	0	-6	1	-3	-5	2	0	1	5	
391	N	404-D	-3	-4	-5	-5	-5	0	-5	-5	-4	-5	1	0	-5	5	2	-3	4	1	0	1	
392	G	405-K	0	5	0	-2	1	-4	-4	-5	-4	-4	-3	-2	-4	0	0	-4	1	-1	-4	0	
393	K	--	1	-2	-2	-2	-2	-2	-2	-2	0	0	1	1	-2	2	1	-2	2	0	2	-1	
394	F	406-N	-1	0	0	-2	-2	-4	4	-4	-4	0	2	1	-3	2	-3	2	1	-1	0	-2	
395	R	407-I	-4	2	1	0	2	-4	-5	-5	-5	-5	0	-2	-5	-4	-1	-4	3	4	-4	-4	
396	K	408-T	-4	-5	-2	-2	-2	-4	-5	-6	3	-5	0	-2	-2	3	2	5	3	-2	0	-1	
397	S	409-Y	-4	-2	-1	-6	-5	-5	-5	-5	4	-5	4	-1	2	-1	-2	3	1	-2	0	-2	
398	F	410-F	-1	-2	-4	-1	1	-4	5	-4	1	1	-2	-5	4	-5	-4	1	-5	0	2	0	
399	A	411-R	3	1	-2	-5	-2	-5	-4	-4	0	-5	1	-4	5	-4	-1	-4	0	2	-2	0	
400	F	412-N	-5	-7	-5	-1	-5	2	6	4	-7	-6	0	-5	6	0	-5	4	-6	-6	-6	-6	
401	L	413-L	-5	-7	3	4	1	6	0	-6	-7	-5	-6	-5	-5	-7	0	-1	-3	-6	-7	-6	
402	P	414-G	0	0	-7	-7	-6	-6	-7	-7	8	-6	-4	-1	-7	-6	-5	-6	-5	-6	-5	-5	
403	F	415-F	-6	-7	-4	-3	-5	-4	10	-3	-8	-6	-6	-6	-1	-7	-7	-5	-7	-7	-8	-7	
404	G	416-G	-3	6	-7	-7	-7	-6	-7	-7	-6	-6	5	-4	-6	-4	-5	-5	-5	-6	-5	-5	
405	A	417-W	5	0	-5	-4	-1	0	3	3	-5	-5	0	1	0	1	-5	-5	-5	-6	0	-5	
406	G	418-G	-4	8	-8	-8	-7	-7	-7	-7	-6	-7	-4	-6	-7	-4	-6	-6	-5	-6	-5	-6	
407	P	419-V	0	-6	-3	-6	2	-5	-7	-7	6	-6	-2	-5	-6	-5	-4	-5	2	4	-6	-5	
408	R	420-R	-5	-6	-7	-6	-6	-5	-7	-7	-6	-7	-5	-1	-5	-4	-3	3	-2	8	-6	-4	
409	N	421-Q	2	-1	3	-3	0	0	1	-6	-6	-6	1	-4	-5	5	2	-5	-3	-1	-4	-4	
410	C	422-C	-4	-7	-5	-5	-5	-5	-6	-6	-7	12	-5	-5	-6	-7	-7	-7	-7	-8	-8	-8	
411	L	423-L	0	-7	5	4	3	-3	-4	-6	2	-5	-6	-5	-5	-7	-6	-7	-6	-6	-7	-6	
412	G	424-G	-4	8	-8	-8	-7	-7	-7	-7	-6	-7	-4	-6	-7	-4	-6	-6	-5	-6	-5	-6	
413	E	425-R	-2	-6	-2	-1	-5	4	-6	-6	-6	-7	-4	-2	-6	-5	2	-4	2	4	-2	4	
414	R	426-R	-1	2	-1	-2	-2	-1	-1	-6	2	-6	-2	-2	-1	2	1	1	0	5	-5	-4	
415	L	427-I	-5	-7	4	4	0	4	6	-5	-7	-6	-6	-5	-3	-7	-6	-6	-7	-6	-8	-7	
416	A	428-A	7	1	-5	-6	-4	-5	-6	-7	-5	-4	-1	-4	-6	-5	-5	-6	-5	-5	-6	-5	
417	R	429-E	-5	-6	1	-1	-4	5	-5	-6	-6	-6	-3	0	0	-5	-1	0	2	5	-5	3	
418	M	430-L	-3	-6	-3	2	2	8	-4	2	-2	1	-1	-2	-5	-1	0	1	-5	-2	-6	-5	
419	E	431-E	-5	-6	-2	-6	-6	4	-7	-7	-5	-7	-4	-5	-5	0	3	2	-3	-4	-3	7	
420	M	432-M	-3	-7	2	4	1	8	-4	-6	-6	-5	-1	-5	-5	-6	-5	-6	-6	-6	-7	-3	
421	K	433-T	-5	-1	-5	-1	-5	0	6	-5	-6	-6	-1	-1	-3	-2	0	0	5	0	-5	0	
422	L	434-I	-1	-7	3	5	3	-2	-1	-6	-6	-5	-6	-2	-1	-7	-1	-6	-2	-6	-7	-6	
423	F	435-F	1	-1	4	1	1	2	6	-5	-7	1	-5	-2	0	-7	-6	-6	-6	-6	-7	-7	
424	L	436-L	-5	-8	2	6	0	4	2	-5	-7	1	-6	-2	-4	-7	-6	-7	-6	-6	-8	-7	
425	A	437-I	3	2	2	-5	0	0	-6	-7	-1	-1	1	3	-5	-5	-5	2	-5	-5	-5	-1	
426	T	438-N	0	-6	-1	1	-5	0	-5	4	-6	1	1	3	-5	0	1	4	0	3	-5	-5	
427	L	439-M	-5	-7	5	3	3	4	2	-6	-7	0	-6	0	-5	-7	-6	-7	-6	-6	-7	-7	
428	L	440-L	-5	-8	3	6	2	0	0	-6	-7	-5	-6	-5	-5	-7	-6	-7	-7	-6	-8	-7	
429	Q	441-E	-5	-6	-6	0	-6	-4	-6	-6	-5	-7	1	-4	-5	-4	6	0	0	4	-4	2	
430	N	442-N	-2	-5	-6	-3	-6	-5	-6	-6	-6	-7	-1	0	0	5	-3	4	1	5	-4	0	
431	F	443-F	-6	-7	-4	-1	-5	-4	9	-3	-8	1	-6	-6	3	-7	-7	-5	-7	-7	-8	-7	
432	E	444-R	-4	-5	-7	-4	-6	-5	-7	-7	-5	-6	3	0	-6	0	1	-4	2	4	2	4	
433	V	445-V	-5	-7	0	3	4	0	4	7	-4	-5	-6	-5	-3	-7	-6	1	-6	-6	-7	-7	
434	E	446-E	-2	-6	-1	0	-2	-5	-2	-7	-5	-6	1	-1	-5	-4	1	2	3	-1	1	4	
435	L	447-I	-2	-4	1	2	2	2	0	-4	3	0	-2	1	0	-4	-4	-4	-2	-4	-2	-1	
436	P	448-Q	-1	-3	1	0	-1	1	-3	-3	3	4	-1	-2	0	0	2	-2	-2	-2	2	-2	
437	P	449-H	-4	-3	-6	-6	-6	0	-7	-7	6	-6	1	-3	-5	-1	1	4	0	0	0	2	
438	G	450-L	-2	3	-2	1	-2	-4	0	-5	-2	-5	-3	-1	-4	-4	2	-1	1	-1	2	2	
439	T	451-S	-4	2	-5	-4	2	-1	-6	-7	-6	-6	1	3	-6	0	1	-5	0	1	2	1	
440	D	452-D	0	0	-6	-6	-3	1	-7	-7	0	0	1	0	-6	0	3	-1	0	-1	4	1	
441	P	453-V	-5	-3	2	-1	2	1	0	-7	5	-6	-5	-1	-5	-5	-1	-6	1	-1	0	0	
442	P	454-G	-5	-3	0	1	0	-5	-6	2	5	2	-5	-5	-6	-1	-1	0	3	1	-2	2	
443	D	455-T	-5	-6	-1	0	-3	3	-1	-7	4	-6	-1	1	-6	2	-4	-5	0	-1	4	-4	
444	I	456-T	-2	-6	4	-2	-1	0	0	-6	2	-1	2	0	-5	-1	-1	-5	2	0	-5	-1	
445	D	457-F	-5	-6	-2	2	-2	3	2	-5	1	-6	-2	-1	2	0	0	-5	-5	-5	4	1	
446	E	458-N	-2	-1	1	-2	-3	0	-1	-6	2	1	-1	-1	-2	2	-4	3	0	0	1	3	
447	T	459-L	-2	1	-5	0	-5	-1	0	3	1	-5	-1	2	-4	0	1	-5	2	1	-1	-1	
448	P	--	-3	0	1	0	-2	2	0	3	3	-3	1	0	-3	1	0	0	-1	-3	-1	0	
449	G	--	1	4	-2	0	0	3	-3	-3	-3	-3	1	-2	-3	-2	0	-3	0	-3	0	-1	
450	L	460-I	-2	-3	3	3	3	-3	5	-5	-7	-5	-2	-5	-3	-7	-6	-6	-6	-6	-7	-7	
451	L	461-L	1	1	0	3	4	2	-5	-6	-3	-5	0	0	-5	-6	-6	-6	-6	-6	-6	-6	
452	L	462-M	-5	-6	0	3	0	4	0	2	-6	-1	-1	1	-5	0	1	-5	1	2	-6	-5	
453	P	463-P	-2	0	1	0	-1	-1	-6	-7	5	-6	-4	1	-5	0	0	3	1	0	-5	-5	
454	P	464-E	-1	-6	1	-6	-3	-5	-7	-7	6	-6	1	1	-6	-1	0	-5	0	-2	-2	2	
455	K	465-K	-3	-1	-2	1	0	-5	-6	-6	3	-6	0	-2	0	-1	-2	-5	4	0	-1	0	
456	P	466-P	-5	2	-6	0	-6	-5	-6	-7	5	-6	-1	0	-6	1	-4	-5	2	1	-5	-1	
457	Y	467-I	1	1	3	0	-2	-4	3	-5	0	-6	-5	-1	5	1	-5	1	-5	-2	0	-5	
458	K	468-S	-5	-2	1	0	-1	2	0	-6	-6	-6	0	-3	2	-5	4	-5	3	0	-1	1	
459	L	469-F	-3	-7	3	4	3	0	2	3	-2	-5	-6	-2	2	-7	-6	3	-6	-6	-7	-6	
460	K	470-T	-5	-2	1	2	-2	-4	-6	-7	-1	6	-1	1	-6	0	-1	-6	4	-4	-5	0	
461	F	471-F	0	-7	0	2	3	3	5	3	0	-6	-5	-5	-1	-2	-5	0	-5	1	-7	-6	
