P	C	Master	A	G	I	L	V	M	F	W	P	C	S	T	Y	N	Q	H	K	R	D	E	
1	N	124-L	0	-2	-4	-2	-2	2	-5	-16	-15	-16	2	-3	1	4	-1	3	-1	0	2	1	
2	L	125-L	-15	-17	-2	6	0	2	1	1	-1	-2	-1	-14	-1	-16	-15	-2	-7	-1	-17	-16	
3	R	126-L	-2	-7	-4	-1	-2	1	-4	1	-15	-16	-1	-1	-1	0	3	-14	3	4	0	1	
4	R	127-H	-2	-6	0	-3	0	0	-4	1	-15	-3	0	0	0	1	1	-3	2	5	-3	1	
5	H	128-H	-15	-16	-17	-16	-17	-15	-15	-16	-16	-17	-5	-15	-1	-13	-13	12	-14	-14	-4	-4	
6	M	129-Y	-4	-16	2	1	0	6	0	-15	-15	0	-1	-1	-1	-3	2	-2	2	1	-6	1	
7	R	130-R	0	-3	0	-2	-4	-3	-5	-1	-15	-16	-2	-3	0	-1	2	-4	4	6	-2	-2	
8	T	131-N	-5	-6	2	-3	0	1	0	0	-15	-2	0	3	0	2	0	-1	3	0	0	-3	
9	H	133-H	-15	-16	-16	-5	-2	0	-4	-16	-16	-2	-6	-2	-2	-3	-5	11	-4	-5	-15	-2	
10	T	134-N	-5	-2	0	-2	-3	0	-1	-12	-2	-3	2	5	-4	-2	0	6	-1	0	-1	-2	
11	G	135-G	-3	4	-2	-5	2	0	-3	-12	0	-1	-1	-3	-11	1	1	-11	1	0	-3	0	
12	E	136-E	-6	-5	-2	-3	-1	-2	-1	-3	0	-11	-1	0	-5	0	2	1	1	-2	1	5	
13	K	137-A	-3	-1	-6	-5	-6	-2	1	-2	-5	-12	-1	-2	-2	0	-1	-3	6	4	-1	-1	
14	P	--	-1	-3	-2	-3	-1	1	-3	-8	6	-8	0	-2	-4	-1	1	-1	2	0	-2	-1	
15	Y	138-H	-4	-12	-5	0	-2	-11	6	-2	-5	0	-6	-12	7	-12	-5	6	-2	-5	-3	-12	
16	K	139-C	-2	-15	-7	-3	0	0	-5	-16	1	2	-2	0	1	-2	2	3	4	2	-3	2	
17	C	140-C	-14	-16	-15	-15	-4	-15	0	-15	-16	12	-4	-14	-1	-16	-16	-16	-17	-17	-17	-17	
18	P	141-D	-1	-3	0	-4	-5	-1	-5	-3	4	-4	-1	1	-1	0	-1	-1	2	0	2	0	
19	E	142-V	-2	-3	2	-2	2	0	3	-12	-2	-13	-1	0	2	0	1	1	1	-4	0	2	
20	C	143-C	-4	-5	-15	-15	-14	-15	-3	-16	-16	12	-4	-14	-1	-16	-16	-16	-16	-5	-17	-17	
21	G	144-G	-4	4	-5	-3	-8	-15	-4	-16	0	-1	1	-1	-5	0	-2	2	-1	-1	3	1	
22	K	145-K	-1	-3	-3	-2	-3	-1	1	-14	-15	-16	-2	-3	5	-1	0	-2	5	1	-2	1	
23	S	146-V	2	-2	-2	-3	1	0	-2	0	-3	-2	2	1	0	-6	0	-3	0	2	0	0	
24	F	147-L	-2	-6	-5	-4	-4	-14	9	-13	-16	2	-2	2	2	-16	-16	-2	-16	-16	-16	-16	
25	S	148-R	1	-3	-2	-2	2	-14	-4	2	-4	-15	2	1	-3	1	-13	1	3	0	-1	1	
26	S	149-S	-2	-15	-6	-7	-3	-15	-4	-15	-15	1	2	3	3	2	3	2	0	3	-2	-1	
