P	C	Master	A	G	I	L	V	M	F	W	P	C	S	T	Y	N	Q	H	K	R	D	E	
1	L	4-M	-2	-4	1	4	0	5	0	-2	-4	-2	-3	-2	-2	-4	-2	-3	-3	-3	-4	-3	
2	S	5-E	0	-1	-3	-3	-3	-2	-3	-4	-1	-2	5	1	-2	0	0	-1	0	-1	0	3	
3	R	6-R	-1	3	-4	-3	-3	-3	-4	-3	-2	-4	-1	-2	-3	-1	0	-1	1	5	-1	3	
4	P	7-P	-1	-3	-3	-3	-2	-2	-4	-4	6	-3	-1	2	-3	-1	-1	-2	3	-1	-2	-1	
5	Q	8-E	-2	-2	-4	-3	-3	-2	-4	-3	-2	-4	-1	-1	-3	0	5	-1	0	0	4	3	
6	K	9-S	-1	-2	-3	-3	-3	-2	-4	-3	-2	-3	2	-1	-2	0	3	-1	4	1	-1	0	
7	E	10-E	2	3	-4	-3	-3	-3	-4	-3	-2	-3	0	-1	-3	-1	0	-1	-1	-1	0	4	
8	L	11-L	-2	-4	1	5	0	2	0	-2	-4	-2	-3	-2	-2	-4	-3	-4	-3	-3	-4	-4	
9	I	12-I	-2	-5	6	1	2	1	-1	-3	-4	-2	-3	-1	-2	-4	-4	-4	-3	-4	-4	-4	
10	R	13-R	-2	-3	-4	-3	-3	-2	-4	-3	-3	-4	-1	-2	-2	-1	1	-1	2	7	-2	-1	
11	E	14-Q	-2	-2	-4	-4	-3	-2	-4	-4	-2	-4	-1	-1	-3	0	4	-1	0	-1	4	5	
12	S	15-S	1	-1	-3	-3	-2	-2	-3	-4	-1	-1	5	1	-2	0	-1	-1	-1	-1	-1	-1	
13	W	16-W	-3	-3	-3	-2	-4	-2	0	12	-5	-3	-4	-3	2	-5	-3	-3	-4	-3	-5	-4	
14	R	17-R	-2	-3	-4	-3	-3	-2	-4	-3	-2	-4	-1	-2	-2	-1	4	-1	1	5	-1	3	
15	S	18-V	0	-2	-1	-2	2	-1	-3	-3	-2	-2	2	3	-2	-1	-1	-2	0	3	-2	-1	
16	V	19-V	-1	-4	2	2	5	1	-1	-3	-3	-2	-3	-1	-2	-4	-3	-4	-3	-3	-4	-3	
17	S	20-S	0	3	-3	-3	-3	-2	-3	-3	-2	-2	4	0	-3	0	-1	-2	-1	-2	-1	-1	
18	R	21-R	-1	3	-4	-3	-3	-2	-4	-3	-2	-4	-1	-2	-3	-1	3	-1	3	3	-2	0	
19	S	22-S	-1	-1	-4	-4	-3	-3	-4	-4	-2	-2	4	0	-3	4	-1	-1	-1	-1	3	0	
20	P	23-P	-1	-3	-4	-3	-3	-2	-4	-4	6	-4	-1	-1	-3	-1	3	-2	3	0	-2	0	
21	L	24-L	-1	-4	2	3	4	1	-1	-3	-3	-2	-3	-1	-2	-4	-3	-4	-3	-3	-4	-3	
22	E	25-E	-2	-3	-4	-3	-3	-2	-3	-3	4	-4	-1	-2	-1	-1	3	5	0	-1	-1	3	
23	H	26-H	-2	-3	-4	-4	-4	-2	-2	-3	-3	-4	-1	-2	1	0	0	9	-1	-1	-2	-1	
24	G	27-G	0	6	-5	-4	-4	-3	-4	-3	-3	-3	-1	-2	-4	-1	-2	-3	-2	-3	-2	-3	
25	T	28-T	-1	-3	3	0	3	0	-2	-3	-2	-2	0	4	-2	-2	-2	-3	-2	-3	-3	-2	
26	V	29-V	-1	-4	2	0	5	0	-1	-4	-3	-1	-2	-1	-2	-4	-3	-4	-3	-3	-4	-3	
27	L	30-L	-2	-4	1	5	0	2	0	-2	-4	-2	-3	-2	-2	-4	-3	-4	-3	-3	-4	-4	
28	F	31-F	-3	-4	-1	0	-1	-1	7	0	-4	-3	-3	-3	3	-4	-4	-2	-4	-4	-4	-4	
29	S	32-A	2	-1	-2	-3	-1	-2	-3	-3	-1	-1	4	3	-2	-1	-1	-2	-1	-2	-1	-1	
30	R	33-R	-2	-3	-4	-3	-3	-2	-4	-3	-3	-4	-1	-2	-2	-1	1	-1	2	7	-2	-1	
31	L	34-L	-2	-4	1	5	0	2	0	-2	-4	-2	-3	-2	-2	-4	-3	-4	-3	-3	-4	-4	
32	F	35-F	-3	-4	-1	0	-1	-1	7	0	-4	-3	-3	-3	3	-4	-4	-2	-4	-4	-4	-4	
33	E	36-A	2	-2	-3	-3	-3	-3	-4	-4	-2	-3	0	-1	-3	-1	1	-1	0	-1	3	4	
34	L	37-L	-2	-4	1	5	0	2	0	-2	-4	-2	-3	-2	-2	-4	-3	-4	-3	-3	-4	-4	
35	E	38-E	-2	-2	-4	-4	-4	-3	-4	-4	-2	-4	-1	-2	-3	0	0	-1	0	-1	5	4	
36	P	39-P	-1	-3	-4	-4	-3	-3	-4	-5	8	-4	-1	-2	-4	-3	-2	-3	-2	-3	-2	-2	
37	D	40-S	2	-1	-3	-3	-2	-2	-4	-4	-2	-2	2	-1	-3	0	0	-2	-1	-2	3	3	
38	L	41-L	-2	-4	1	5	0	2	0	-2	-4	-2	-3	-2	-2	-4	-3	-4	-3	-3	-4	-4	
39	L	42-L	-2	-4	1	4	2	1	0	-3	-3	-2	-3	-1	-2	-4	-3	-4	-3	-3	-4	-4	
40	P	43-P	-1	-3	-2	-2	-2	-2	3	-2	6	-3	-1	3	0	-2	-2	-2	-2	-3	-2	-2	
41	L	44-L	-2	-4	1	5	0	2	0	-2	-4	-2	-3	-2	-2	-4	-3	-4	-3	-3	-4	-4	
42	F	45-F	-3	-4	-1	0	-1	-1	7	0	-4	-3	-3	-3	3	-4	-4	-2	-4	-4	-4	-4	
43	Q	46-Q	-1	-2	-3	-3	-3	-1	-4	-3	-2	-3	2	0	-2	0	6	0	0	0	-1	1	
44	Y	47-Y	-2	-4	-2	-2	-2	-2	3	2	-4	-3	-2	-2	8	-3	-2	1	-3	-2	-4	-3	
45	N	48-N	-1	-1	-4	-4	-3	-3	-4	-4	-2	-3	3	0	-3	6	-1	0	-1	-1	0	-1	
46	G	49-G	0	3	-2	-3	-2	-2	-3	-3	-2	6	2	3	-3	-1	-2	-2	-2	-2	-2	-2	
47	R	50-R	-1	-2	-4	-3	-3	-2	-4	-4	-2	-3	2	0	-3	4	0	-1	3	3	-1	0	
48	Q	51-Q	-1	-2	-2	-2	-2	-1	-2	-2	-1	-2	-1	-1	0	0	3	5	1	3	-1	0	
49	F	52-F	-2	-4	-1	0	-1	-1	7	0	-4	6	-3	-2	2	-4	-4	-2	-4	-4	-4	-4	
50	S	53-S	2	3	-3	-3	-2	-2	-3	-3	-2	-2	4	0	-3	-1	-1	-2	-1	-2	-1	-1	
51	S	54-S	0	-1	-3	-3	-3	-2	-4	-4	-2	-3	3	0	-3	0	0	-2	3	0	4	0	
52	P	55-P	2	-2	-1	-2	2	-2	-3	-4	6	-2	-1	-1	-3	-3	-2	-3	-2	-3	-3	-2	
53	Q	56-E	-1	-3	-4	-3	-3	-2	-4	-3	5	-4	-1	-1	-3	-1	5	-1	0	0	-1	3	
54	D	57-D	-2	-2	-4	-4	-4	-3	-4	-4	-2	-4	-1	-2	-3	0	1	-1	0	-1	5	5	
55	C	58-S	0	-2	-2	-2	-2	-2	-3	-3	-3	9	2	-1	-3	-2	-3	-3	-3	-3	-3	-3	
56	L	59-L	-2	-4	1	5	0	2	0	-2	-4	-2	-3	-2	-2	-4	-3	-4	-3	-3	-4	-4	
57	S	60-S	2	-1	-3	-3	-2	-2	-3	-3	-1	-1	5	1	-2	0	-1	-2	-1	-2	-1	-1	
58	S	61-S	2	-1	-3	-3	-2	-2	-3	-3	-1	-1	5	1	-2	0	-1	-2	-1	-2	-1	-1	
59	P	62-P	2	-2	-3	-3	-2	-3	-4	-4	7	-3	-1	-1	-3	-3	-2	-3	-2	-3	-2	-2	
60	E	63-E	-1	-3	-4	-4	-3	-3	-4	-4	-2	-4	-1	-1	-3	-1	1	-1	0	-1	1	6	
61	F	64-F	-3	-4	-1	0	-1	-1	7	0	-4	-3	-3	-3	3	-4	-4	-2	-4	-4	-4	-4	
62	L	65-L	-2	-4	1	4	0	1	-1	-2	-3	-2	-2	2	-2	-3	-2	-3	-3	-3	-4	-3	
63	D	66-D	-2	-2	-4	-4	-4	-3	-4	-4	-2	-4	-1	-2	-3	0	1	-1	0	-1	5	5	
64	H	67-H	-2	-3	-4	-4	-4	-2	-2	-3	-3	-4	-1	-2	1	0	0	9	-1	-1	-2	-1	
65	I	68-I	-2	-4	5	1	3	1	-1	-3	-3	-2	-3	-1	-2	-4	-3	-4	-3	-4	-4	-4	
66	R	69-R	-2	-3	-3	-3	-2	-2	-3	-3	-2	-3	-1	3	-2	-1	0	-1	1	6	-2	-1	
67	K	70-K	-1	-2	-3	-3	-3	-2	-4	-4	-2	-4	-1	-1	-3	-1	1	-1	6	2	-1	0	
68	V	71-V	-1	-4	2	0	5	0	-1	-4	-3	-1	-2	-1	-2	-4	-3	-4	-3	-3	-4	-3	
69	M	72-M	-2	-3	1	2	0	8	-1	-2	-3	-2	-2	-1	-2	-3	-1	-2	-2	-2	-4	-3	
70	L	73-L	-2	-4	1	4	0	1	-1	-2	-3	-2	-2	2	-2	-3	-2	-3	-3	-3	-4	-3	
71	V	74-V	-1	-4	2	0	5	0	-1	-4	-3	-1	-2	-1	-2	-4	-3	-4	-3	-3	-4	-3	
72	I	75-I	-2	-5	6	1	2	1	-1	-3	-4	-2	-3	-1	-2	-4	-4	-4	-3	-4	-4	-4	
73	D	76-D	-2	-2	-4	-4	-4	-4	-4	-5	-2	-4	-1	-2	-4	1	-1	-2	-1	-2	7	1	
74	A	77-A	5	0	-2	-2	-1	-2	-3	-3	-1	-1	1	-1	-2	-2	-1	-2	-1	-2	-2	-1	
75	A	78-A	5	0	-2	-2	-1	-2	-3	-3	-1	-1	1	-1	-2	-2	-1	-2	-1	-2	-2	-1	
76	V	79-V	-1	-4	2	0	5	0	-1	-4	-3	-1	-2	-1	-2	-4	-3	-4	-3	-3	-4	-3	
77	S	80-T	0	-1	-3	-3	-2	-2	-3	-3	-1	-1	5	3	-2	0	-1	-2	-1	-1	-1	-1	
78	H	81-N	-1	-2	-4	-4	-3	-2	-3	-3	-2	-3	2	-1	0	3	0	7	-1	-1	-1	-1	
79	L	82-V	-2	-4	1	4	2	1	0	-3	-3	-2	-3	-1	-2	-4	-3	-4	-3	-3	-4	-4	
80	E	83-E	-2	-2	-4	-4	-4	-3	-4	-4	-2	-4	-1	-2	-3	0	0	-1	0	-1	5	4	
81	D	84-D	-2	-2	-3	-4	-3	-3	-4	-4	-2	6	-1	-2	-4	0	-1	-2	-2	-3	6	0	
82	L	85-L	-2	-4	1	5	0	2	0	-2	-4	-2	-3	-2	-2	-4	-3	-4	-3	-3	-4	-4	
83	S	86-S	0	-2	-3	-3	-3	-2	-3	-4	4	-2	3	0	-1	0	-1	5	-1	-1	-1	-1	
84	S	87-S	0	-2	-2	-2	-2	-2	-3	-3	-2	6	4	3	-3	-1	-1	-2	-1	-2	-2	-2	
85	L	88-L	-2	-4	1	5	0	2	0	-2	-4	-2	-3	-2	-2	-4	-3	-4	-3	-3	-4	-4	
86	E	89-E	-2	-3	-4	-4	-3	-3	-4	-4	-2	-4	-1	-2	-3	0	1	-1	0	-1	4	5	
87	E	90-E	-2	-3	-4	-4	-3	-3	-4	-4	-2	-4	-1	-2	-3	0	1	-1	0	-1	4	5	
88	Y	91-Y	-3	-4	-2	-1	-2	-1	5	1	-4	-3	-3	-2	7	-3	-2	1	-3	-3	-4	-3	
89	L	92-L	-2	-4	1	5	0	2	0	-2	-4	-2	-3	-2	-2	-4	-3	-4	-3	-3	-4	-4	
90	T	93-T	-1	-3	-1	2	0	0	-2	-3	-3	6	0	4	-2	-2	-2	-3	-2	-3	-3	-3	
91	S	94-S	0	-1	-4	-4	-3	-2	-3	-4	-2	-2	4	0	-3	5	-1	-1	-1	-1	0	-1	
92	L	95-L	-2	-4	1	5	0	2	0	-2	-4	-2	-3	-2	-2	-4	-3	-4	-3	-3	-4	-4	
93	G	96-G	0	6	-5	-4	-4	-3	-4	-3	-3	-3	-1	-2	-4	-1	-2	-3	-2	-3	-2	-3	
94	R	97-R	-2	-3	-4	-3	-3	-2	-4	-4	-2	-4	-1	-2	-2	-1	1	-1	3	6	-2	0	
95	K	98-K	-1	-2	-3	-3	-3	-2	-4	-4	-2	-4	-1	-1	-3	-1	1	-1	6	2	-1	0	
96	H	99-H	-2	-3	-4	-4	-4	-2	-2	-3	-3	-4	-1	-2	1	0	0	9	-1	-1	-2	-1	
97	R	100-R	-2	-3	-4	-3	-3	-1	-4	-3	-2	-4	-1	-1	-2	-1	5	0	1	5	-1	1	
98	A	101-A	5	0	-2	-2	-1	-2	-3	-3	-1	-1	1	-1	-2	-2	-1	-2	-1	-2	-2	-1	
99	V	102-V	-1	-4	2	0	5	0	-1	-4	-3	-1	-2	-1	-2	-4	-3	-4	-3	-3	-4	-3	
100	G	103-G	0	6	-5	-4	-4	-3	-4	-3	-3	-3	-1	-2	-4	-1	-2	-3	-2	-3	-2	-3	
101	V	104-V	-1	-4	2	0	5	0	-1	-4	-3	-1	-2	-1	-2	-4	-3	-4	-3	-3	-4	-3	
102	K	105-R	-2	-2	-4	-3	-3	-2	-4	-4	-2	-4	-1	-1	-3	4	0	-1	4	4	-1	0	
103	L	106-L	-1	-4	1	3	2	1	-1	-3	-3	-2	-1	3	-2	-3	-2	-3	-2	-3	-3	-3	
104	E	107-S	-1	-2	-4	-3	-3	-2	-4	-3	-2	-3	2	-1	-2	0	4	-1	0	0	0	4	
105	S	108-S	1	-1	-3	-3	-2	-2	-3	-4	-1	-1	5	1	-2	0	-1	-1	-1	-1	-1	-1	
106	F	109-F	-3	-4	-1	0	-1	-1	7	0	-4	-3	-3	-3	3	-4	-4	-2	-4	-4	-4	-4	
107	S	110-S	2	-1	-3	-3	-2	-2	-3	-4	-2	-2	4	0	-2	3	-1	-1	-1	-1	-1	-1	
108	T	111-T	-1	-3	0	2	0	0	-2	-3	-2	-2	0	5	-2	-1	-2	-3	-2	-2	-2	-2	
109	V	112-V	-1	-4	2	0	5	0	-1	-4	-3	-1	-2	-1	-2	-4	-3	-4	-3	-3	-4	-3	
110	G	113-G	0	6	-5	-4	-4	-3	-4	-3	-3	-3	-1	-2	-4	-1	-2	-3	-2	-3	-2	-3	
111	E	114-E	-1	-3	-4	-4	-3	-3	-4	-4	-2	-4	-1	-1	-3	-1	1	-1	0	-1	1	6	
112	S	115-S	1	-1	-3	-3	-2	-2	-3	-4	-1	-1	5	1	-2	0	-1	-1	-1	-1	-1	-1	
113	L	116-L	-2	-4	1	5	0	2	0	-2	-4	-2	-3	-2	-2	-4	-3	-4	-3	-3	-4	-4	
114	L	117-L	-2	-4	1	5	0	2	0	-2	-4	-2	-3	-2	-2	-4	-3	-4	-3	-3	-4	-4	
115	Y	118-Y	-3	-4	-2	-1	-2	-1	5	2	-4	-3	-3	-2	7	-3	-2	1	-3	-3	-4	-3	
116	M	119-M	2	-2	0	1	0	7	-1	-2	-3	-2	-1	-1	-2	-3	-1	-2	-2	-2	-3	-2	
117	L	120-L	-2	-4	1	5	0	2	0	-2	-4	-2	-3	-2	-2	-4	-3	-4	-3	-3	-4	-4	
118	E	121-E	-1	-3	-4	-3	-3	-2	-4	-3	-2	-4	-1	-1	-3	-1	4	0	0	0	1	5	
119	S	122-K	0	-1	-3	-3	-3	-2	-3	-4	-2	-2	4	0	-2	3	0	-1	2	0	0	0	
120	S	123-S	0	-2	-2	-3	-2	-2	-3	-3	-2	8	4	0	-3	-1	-2	-2	-2	-2	-2	-2	
121	L	124-L	-2	-4	1	5	0	2	0	-2	-4	-2	-3	-2	-2	-4	-3	-4	-3	-3	-4	-4	
122	G	125-G	0	6	-5	-4	-4	-3	-4	-3	-3	-3	-1	-2	-4	-1	-2	-3	-2	-3	-2	-3	
123	P	126-P	2	-2	-3	-3	-2	-3	-4	-4	6	-3	-1	-1	-3	-1	-2	-2	-1	-2	3	-1	
124	A	127-D	4	-1	-2	-3	-1	-2	-3	-4	-2	-2	0	-1	-3	-1	-1	-2	-1	-2	3	-1	
125	F	128-F	-3	-4	-1	0	-2	-1	7	1	-4	-3	-3	-3	5	-3	-3	-1	-3	-3	-4	-4	
126	T	129-T	0	-2	-2	-2	-1	-1	-3	-3	-2	-1	3	5	-2	0	-1	-2	-1	-2	-1	-1	
127	P	130-P	-1	-2	-3	-3	-2	-2	-4	-4	6	-2	2	3	-3	-1	-1	-2	-1	-2	-2	-1	
128	D	131-A	2	-1	-3	-3	-2	-3	-4	-4	-2	-2	2	0	-3	0	-1	-2	-1	-2	5	0	
129	T	132-T	-1	-3	1	2	2	0	-2	-3	-2	-2	0	4	-2	-2	-2	-3	-2	-2	-3	-2	
130	R	133-R	-2	-3	-4	-3	-3	-2	-4	-3	-3	-4	-1	-2	-2	-1	1	-1	2	7	-2	-1	
131	E	134-T	-1	-3	-3	-3	-2	-2	-4	-3	-2	-3	0	2	-2	-1	4	-1	0	0	0	4	
132	A	135-A	5	0	-2	-2	-1	-2	-3	-3	-1	-1	1	-1	-2	-2	-1	-2	-1	-2	-2	-1	
133	W	136-W	-3	-3	-3	-2	-4	-2	0	12	-5	-3	-4	-3	2	-5	-3	-3	-4	-3	-5	-4	
134	S	137-S	0	-2	2	2	0	0	-1	-3	-2	-2	3	0	-2	-1	-2	-2	-2	-2	-2	-2	
135	T	138-R	-1	-3	-1	1	-1	-1	-2	-3	-2	-3	-1	3	-2	-1	0	-2	0	3	-1	2	
136	L	139-L	-2	-4	1	4	0	5	0	-2	-4	-2	-3	-2	-2	-4	-2	-3	-3	-3	-4	-3	
137	Y	140-Y	-2	-4	-2	-2	-2	-2	3	2	-4	-3	-2	-2	8	-3	-2	1	-3	-2	-4	-3	
138	G	141-G	2	5	-3	-3	-2	-3	-3	-3	-2	-2	2	-1	-3	-1	-2	-2	-2	-2	-2	-2	
139	A	142-A	3	-1	2	-1	0	-1	-2	-4	-2	-2	0	-1	-2	3	-2	-2	-2	-2	-1	-2	
140	V	143-V	-1	-4	2	0	5	0	-1	-4	-3	-1	-2	-1	-2	-4	-3	-4	-3	-3	-4	-3	
141	V	144-V	-1	-4	2	0	5	0	-1	-4	-3	-1	-2	-1	-2	-4	-3	-4	-3	-3	-4	-3	
142	Q	145-Q	-1	-2	-3	-3	-3	-2	-4	-3	-2	-3	2	0	-2	0	5	-1	3	1	-1	1	
143	A	146-A	5	0	-2	-2	-1	-2	-3	-3	-1	-1	3	0	-2	-1	-1	-2	-1	-2	-2	-1	
144	M	147-M	-2	-3	1	2	0	8	-1	-2	-3	-2	-2	-1	-2	-3	-1	-2	-2	-2	-4	-3	
145	S	148-S	0	-2	-3	-3	-2	-2	-3	-3	-2	-2	4	3	-2	0	3	-1	0	-1	-1	0	
146	R	149-R	-2	-3	-4	-3	-3	-2	-4	-3	-3	-4	-1	-2	-2	-1	1	-1	2	7	-2	-1	
147	G	150-G	0	6	-5	-4	-4	-3	-4	-3	-3	-3	-1	-2	-4	-1	-2	-3	-2	-3	-2	-3	
148	W	151-W	-3	-3	-3	-2	-4	-2	0	12	-5	-3	-4	-3	2	-5	-3	-3	-4	-3	-5	-4	
